314.237
1280
0.349 0.602
0.711 0.035
0.397 0.534
0.794 0.704
0.687 0.131
0.485 0.606
0.552 0.646
0.773 0.668
0.513 0.367
0.629 0.507
0.846 0.014
0.477 0.919
0.950 0.296
0.296 0.457
0.341 0.619
0.972 0.444
0.090 0.816
0.372 0.104
0.486 0.904
0.001 0.708
0.694 0.284
0.954 0.525
0.243 0.524
0.355 0.100
0.256 0.841
0.409 0.900
0.391 0.659
0.693 0.625
0.663 0.175
0.331 0.560
0.418 0.698
0.273 0.191
0.969 0.625
0.952 0.912
0.617 0.313
0.255 0.094
0.028 0.795
0.836 0.939
0.259 0.208
0.548 0.534
0.996 0.080
0.916 0.265
0.985 0.091
0.370 0.277
0.953 0.772
0.193 0.995
0.787 0.640
0.972 0.795
0.150 0.653
0.659 0.811
0.206 0.510
0.221 0.497
0.634 0.228
0.269 0.040
0.637 0.653
0.970 0.883
0.256 0.024
0.015 0.679
0.854 0.501
0.420 0.733
0.316 0.596
0.433 0.578
0.146 0.782
0.914 0.665
0.344 0.170
0.103 0.277
0.689 0.022
0.842 0.677
0.781 0.065
0.949 0.207
0.031 0.995
0.613 0.498
0.554 0.318
0.428 0.225
0.824 0.683
0.878 0.865
0.804 0.162
0.901 0.719
0.175 0.505
0.446 0.072
0.270 0.272
0.766 0.737
0.248 0.870
0.588 0.367
0.086 0.948
0.164 0.884
0.002 0.332
0.664 0.079
0.981 0.620
0.329 0.939
0.183 0.875
0.273 0.544
0.162 0.362
0.895 0.431
0.956 0.127
0.356 0.189
0.353 0.316
0.724 0.635
0.804 0.529
0.955 0.377
0.774 0.174
0.075 0.718
0.572 0.742
0.564 0.846
0.035 0.151
0.187 0.005
0.791 0.841
0.260 0.858
0.224 0.084
0.573 0.590
0.648 0.058
0.065 0.384
0.680 0.593
0.614 0.756
0.246 0.139
0.221 0.947
0.198 0.438
0.252 0.940
0.017 0.565
0.319 0.950
0.694 0.508
0.863 0.203
0.440 0.213
0.488 0.598
0.556 0.078
0.610 0.443
0.410 0.197
0.062 0.757
0.204 0.265
0.856 0.799
0.921 0.968
0.443 0.350
0.606 0.824
0.452 0.000
0.920 0.921
0.073 0.139
0.751 0.714
0.953 0.604
0.465 0.074
0.733 0.983
0.341 0.076
0.103 0.364
0.570 0.580
0.593 0.932
0.201 0.545
0.122 0.194
0.369 0.125
0.708 0.743
0.155 0.052
0.651 0.453
0.465 0.487
0.910 0.671
0.388 0.526
0.384 0.516
0.604 0.798
0.271 0.634
0.527 0.156
0.729 0.867
0.054 0.281
0.599 0.096
0.969 0.123
0.053 0.176
0.304 0.519
0.637 0.271
0.181 0.967
0.330 0.086
0.984 0.523
0.926 0.484
0.009 0.991
0.256 0.681
0.109 0.133
0.504 0.806
0.216 0.367
0.155 0.864
0.053 0.561
0.907 0.289
0.785 0.853
0.234 0.108
0.854 0.075
0.133 0.417
0.713 0.287
0.004 0.311
0.759 0.141
0.538 0.606
0.317 0.251
0.940 0.724
0.106 0.544
0.837 0.863
0.306 0.592
0.692 0.171
0.950 0.270
0.667 0.944
0.111 0.680
0.410 0.046
0.046 0.190
0.383 0.609
0.238 0.590
0.007 0.790
0.068 0.837
0.049 0.823
0.642 0.598
0.423 0.842
0.204 0.793
0.802 0.009
0.380 0.668
0.202 0.271
0.492 0.490
0.039 0.679
0.043 0.819
0.955 0.569
0.537 0.452
0.109 0.067
0.725 0.562
0.521 0.325
0.480 0.259
0.462 0.593
0.526 0.781
0.900 0.758
0.357 0.780
0.436 0.258
0.854 0.752
0.259 0.317
0.210 0.442
0.134 0.332
0.020 0.191
0.595 0.842
0.605 0.596
0.070 0.912
0.881 0.489
0.860 0.990
0.409 0.236
0.543 0.210
0.542 0.560
0.618 0.914
0.974 0.629
0.907 0.672
0.361 0.945
0.550 0.398
0.095 0.630
0.199 0.259
0.775 0.099
0.375 0.943
0.380 0.719
0.810 0.512
0.677 0.000
0.002 0.513
0.904 0.048
0.133 0.223
0.382 0.513
0.975 0.916
0.280 0.027
0.387 0.828
0.399 0.153
0.539 0.041
0.521 0.243
0.061 0.866
0.539 0.160
0.882 0.432
0.334 0.742
0.663 0.089
0.110 0.060
0.372 0.912
0.705 0.954
0.713 0.095
0.185 0.094
0.862 0.233
0.924 0.805
0.182 0.555
0.217 0.208
0.371 0.975
0.415 0.803
0.811 0.403
0.500 0.487
0.710 0.173
0.010 0.120
0.001 0.569
0.220 0.211
0.873 0.378
0.534 0.964
0.218 0.123
0.109 0.932
0.258 0.140
0.842 0.783
0.106 0.905
0.962 0.239
0.027 0.137
0.683 0.067
0.742 0.005
0.500 0.118
0.182 0.404
0.013 0.805
0.735 0.688
0.355 0.071
0.169 0.407
0.646 0.867
0.100 0.602
0.170 0.393
0.075 0.919
0.366 0.849
0.107 0.381
0.068 0.285
0.736 0.931
0.880 0.170
0.542 0.980
0.994 0.697
0.323 0.060
0.243 0.459
0.068 0.339
0.694 0.070
0.216 0.189
0.629 0.501
0.639 0.237
0.314 0.383
0.252 0.301
0.585 0.303
0.142 0.420
0.894 0.168
0.629 0.737
0.135 0.035
0.727 0.348
0.252 0.406
0.073 0.342
0.379 0.913
0.495 0.179
0.005 0.449
0.047 0.235
0.447 0.280
0.511 0.813
0.747 0.403
0.100 0.164
0.954 0.437
0.306 0.113
0.624 0.609
0.647 0.671
0.324 0.012
0.334 0.635
0.814 0.143
0.762 0.541
0.619 0.883
0.053 0.481
0.668 0.500
0.800 0.267
0.741 0.967
0.598 0.106
0.520 0.858
0.898 0.480
0.156 0.379
0.205 0.189
0.401 0.593
0.697 0.591
0.490 0.783
0.856 0.910
0.193 0.956
0.830 0.109
0.658 0.929
0.824 0.236
0.939 0.061
0.004 0.346
0.377 0.699
0.053 0.049
0.348 0.608
0.736 0.508
0.212 0.174
0.582 0.237
0.722 0.995
0.062 0.360
0.520 0.510
0.435 0.075
0.831 0.720
0.792 0.976
0.932 0.665
0.683 0.503
0.466 0.255
0.111 0.261
0.242 0.265
0.613 0.149
0.698 0.777
0.611 0.245
0.841 0.125
0.196 0.190
0.080 0.439
0.057 0.351
0.064 0.235
0.294 0.407
0.303 0.072
0.461 0.129
0.096 0.228
0.302 0.017
0.059 0.490
0.274 0.160
0.293 0.622
0.163 0.149
0.116 0.808
0.771 0.120
0.069 0.376
0.945 0.046
0.852 0.424
0.936 0.206
0.711 0.529
0.432 0.344
0.766 0.586
0.419 0.425
0.764 0.981
0.400 0.035
0.701 0.696
0.386 0.434
0.855 0.679
0.547 0.947
0.801 0.767
0.310 0.939
0.092 0.752
0.243 0.850
0.447 0.687
0.047 0.849
0.408 0.391
0.556 0.533
0.672 0.211
0.734 0.668
0.490 0.483
0.242 0.445
0.819 0.823
0.355 0.850
0.169 0.313
0.636 0.755
0.441 0.901
0.013 0.084
0.386 0.847
0.646 0.917
0.690 0.824
0.243 0.739
0.138 0.398
0.278 0.109
0.714 0.944
0.930 0.929
0.010 0.695
0.394 0.114
0.802 0.580
0.643 0.937
0.188 0.650
0.638 0.521
0.289 0.444
0.449 0.957
0.064 0.357
0.728 0.318
0.470 0.156
0.538 0.382
0.838 0.105
0.544 0.246
0.035 0.765
0.209 0.116
0.721 0.445
0.720 0.492
0.760 0.429
0.041 0.620
0.627 0.585
0.663 0.588
0.489 0.668
0.318 0.677
0.490 0.668
0.206 0.596
0.629 0.849
0.013 0.090
0.576 0.692
0.329 0.938
0.680 0.820
0.918 0.796
0.418 0.138
0.635 0.465
0.550 0.832
0.710 0.100
0.261 0.561
0.534 0.615
0.664 0.194
0.045 0.026
0.140 0.695
0.319 0.754
0.102 0.282
0.975 0.989
0.970 0.866
0.573 0.045
0.300 0.843
0.270 0.266
0.281 0.721
0.606 0.456
0.036 0.740
0.455 0.991
0.470 0.586
0.855 0.736
0.733 0.547
0.625 0.649
0.706 0.969
0.450 0.476
0.312 0.664
0.362 0.278
0.863 0.010
0.370 0.583
0.108 0.848
0.315 0.876
0.111 0.892
0.902 0.780
0.609 0.336
0.262 0.704
0.042 0.515
0.320 0.979
0.002 0.958
0.716 0.492
0.466 0.971
0.004 0.607
0.808 0.902
0.403 0.737
0.246 0.581
0.407 0.257
0.082 0.050
0.157 0.597
0.811 0.560
0.596 0.245
0.950 0.032
0.078 0.080
0.214 0.572
0.280 0.930
0.484 0.423
0.986 0.507
0.886 0.720
0.534 0.880
0.160 0.721
0.522 0.487
0.431 0.761
0.650 0.261
0.417 0.050
0.426 0.847
0.125 0.565
0.816 0.005
0.052 0.709
0.844 0.270
0.976 0.121
0.554 0.646
0.483 0.006
0.707 0.594
0.484 0.612
0.118 0.895
0.099 0.032
0.498 0.997
0.471 0.355
0.286 0.310
0.231 0.268
0.995 0.556
0.624 0.631
0.244 0.659
0.482 0.209
0.780 0.878
0.616 0.695
0.491 0.824
0.422 0.400
0.597 0.796
0.940 0.504
0.981 0.343
0.908 0.547
0.872 0.346
0.836 0.942
0.910 0.936
0.523 0.617
0.955 0.493
0.938 0.582
0.869 0.612
0.900 0.083
0.911 0.334
0.516 0.268
0.291 0.215
0.922 0.725
0.921 0.750
0.457 0.052
0.377 0.489
0.063 0.651
0.602 0.730
0.337 0.272
0.962 0.022
0.368 0.441
0.828 0.836
0.244 0.804
0.990 0.668
0.823 0.580
0.856 0.537
0.206 0.781
0.559 0.285
0.130 0.591
0.829 0.378
0.370 0.301
0.709 0.892
0.129 0.519
0.972 0.217
0.293 0.919
0.417 0.598
0.380 0.690
0.041 0.989
1.000 0.957
0.461 0.890
0.645 0.892
0.853 0.731
0.655 0.915
0.123 0.134
0.300 0.397
0.955 0.838
0.006 0.516
0.910 0.391
0.896 0.482
0.750 0.764
0.962 0.177
0.725 0.877
0.410 0.353
0.646 0.660
0.932 0.935
0.196 0.697
0.902 0.645
0.050 0.647
0.822 0.114
0.100 0.663
0.620 0.893
0.260 0.716
0.798 0.273
0.065 0.326
0.774 0.648
0.592 0.469
0.205 0.212
0.994 0.547
0.504 0.140
0.288 0.178
0.267 0.080
0.921 0.219
0.789 0.645
0.028 0.878
0.455 0.864
0.205 0.981
0.296 0.980
0.126 0.475
0.641 0.795
0.288 0.018
0.433 0.770
0.704 0.081
0.416 0.458
0.437 0.310
0.107 0.410
0.423 0.064
0.220 0.642
0.173 0.903
0.924 0.871
0.591 0.521
0.137 0.212
0.315 0.080
0.872 0.770
0.705 0.152
0.502 0.538
0.851 0.500
0.696 0.362
0.744 0.761
0.691 0.271
0.053 0.672
0.511 0.353
0.793 0.854
0.729 0.495
0.550 0.357
0.369 0.715
0.794 0.052
0.583 0.547
0.286 0.742
0.818 0.891
0.506 0.300
0.286 0.032
0.555 0.485
0.680 0.069
0.983 0.091
0.254 0.825
0.567 0.984
0.569 0.421
0.142 0.172
0.441 0.092
0.215 0.461
0.894 0.478
0.226 0.470
0.191 0.615
0.012 0.709
0.356 0.038
0.249 0.191
0.940 0.960
0.362 0.604
0.186 0.283
0.712 0.328
0.126 0.262
0.621 0.733
0.641 0.009
0.184 0.046
0.945 0.683
0.644 0.715
0.493 0.114
0.541 0.673
0.837 0.804
0.743 0.095
0.536 0.785
0.951 0.256
0.818 0.502
0.263 0.879
0.343 0.016
0.896 0.918
0.049 0.093
0.212 0.078
0.801 0.381
0.827 0.484
0.260 0.776
0.629 0.843
0.153 0.218
0.244 0.093
0.925 0.661
0.643 0.054
0.570 0.638
0.276 0.784
0.289 0.920
0.413 0.449
0.500 0.013
0.085 0.255
0.661 0.845
0.379 0.643
0.293 0.860
0.642 0.294
0.570 0.845
0.527 0.644
0.868 0.278
0.720 0.584
0.681 0.668
0.609 0.691
0.409 0.340
0.131 0.868
0.596 0.394
0.499 0.548
0.364 0.121
0.569 0.683
0.918 0.964
0.140 0.559
0.232 0.250
0.580 0.153
0.208 0.295
0.765 0.097
0.907 0.157
0.515 0.551
0.707 0.268
0.332 0.233
0.571 0.426
0.505 0.602
0.970 0.108
0.372 0.738
0.395 0.910
0.787 0.763
0.765 0.958
0.686 0.749
0.559 0.519
0.942 0.933
0.891 0.677
0.586 0.711
0.332 0.847
0.874 0.335
0.774 0.140
0.608 0.437
0.220 0.033
0.568 0.527
0.988 0.590
0.918 0.379
0.446 0.539
0.981 0.778
0.061 0.804
0.814 0.473
0.246 0.734
0.604 0.268
0.208 0.141
0.052 0.132
0.761 0.454
0.516 0.849
0.871 0.720
0.908 0.259
0.500 0.949
0.014 0.326
0.184 0.296
0.188 0.360
0.656 0.874
0.109 0.491
0.749 0.594
0.617 0.113
0.749 0.235
0.478 0.378
0.353 0.158
0.296 0.988
0.387 0.447
0.673 0.461
0.503 0.978
0.184 0.771
0.108 0.926
0.657 0.772
0.908 0.448
0.773 0.077
0.589 0.859
0.995 0.155
0.283 0.432
0.423 0.217
0.714 0.069
0.240 0.136
0.111 0.475
0.022 0.998
0.245 0.146
0.366 0.123
0.240 0.441
0.937 0.320
0.123 0.229
0.277 0.922
0.439 0.122
0.429 0.661
0.630 0.127
0.741 0.772
0.298 0.587
0.986 0.790
0.927 0.673
0.295 0.396
0.094 0.329
0.257 0.323
0.728 0.469
0.941 0.764
0.513 0.471
0.530 0.951
0.092 0.445
0.708 0.567
0.344 0.583
0.951 0.452
0.621 0.879
0.384 0.602
0.534 0.892
0.919 0.829
0.524 0.801
0.998 0.559
0.225 0.910
0.349 0.166
0.351 0.926
0.853 0.915
0.662 0.782
0.751 0.062
0.353 0.540
0.192 0.925
0.086 0.873
0.305 0.731
0.756 0.992
0.801 0.921
0.007 0.391
0.387 0.117
0.441 0.704
0.122 0.397
0.476 0.072
0.223 0.629
0.774 0.855
0.692 0.597
0.237 0.224
0.626 0.330
0.614 0.161
0.968 0.587
0.889 0.648
0.998 0.694
0.725 0.393
0.869 0.028
0.435 0.241
0.042 0.262
0.117 0.564
0.583 0.122
0.849 0.294
0.875 0.811
0.062 0.925
0.470 0.455
0.541 0.799
0.481 0.869
0.786 0.195
0.116 0.719
0.845 0.265
0.706 0.683
0.099 0.676
0.868 0.509
0.907 0.860
0.216 0.987
0.453 0.175
0.403 0.709
0.615 0.895
0.130 0.164
0.204 0.873
0.153 0.142
0.432 0.941
0.262 0.644
0.060 0.572
0.657 0.498
0.275 0.117
0.153 0.659
0.976 0.969
0.145 0.741
0.810 0.328
0.355 0.670
0.011 0.869
0.934 0.468
0.798 0.490
0.641 0.092
0.881 0.497
0.443 0.948
0.367 0.036
0.088 0.143
0.233 0.323
0.892 0.820
0.340 0.223
0.230 0.934
0.874 0.052
0.013 0.652
0.999 0.033
0.709 0.134
0.471 0.700
0.327 0.862
0.912 0.709
0.135 0.808
0.481 0.902
0.807 0.691
0.705 0.202
0.075 0.285
0.295 0.884
0.000 0.236
0.902 0.062
0.379 0.147
0.868 0.728
0.916 0.731
0.220 0.574
0.273 0.687
0.336 0.875
0.249 0.582
0.943 0.154
0.922 0.433
0.366 0.993
0.763 0.847
0.248 0.306
0.393 0.589
0.248 0.653
0.882 0.155
0.630 0.663
0.213 0.490
0.985 0.439
0.829 0.286
0.785 0.910
0.971 0.412
0.883 0.433
0.859 0.868
0.586 0.614
0.640 0.350
0.389 0.215
0.412 0.932
0.046 0.246
0.580 0.588
0.195 0.793
0.256 0.289
0.368 0.938
0.396 0.186
0.847 0.132
0.923 0.952
0.490 0.757
0.097 0.708
0.368 0.179
0.019 0.075
0.733 0.523
0.257 0.806
0.659 0.549
0.218 0.140
0.440 0.470
0.109 0.494
0.662 0.292
1.000 0.347
0.739 0.274
0.765 0.219
0.555 0.383
0.464 0.451
0.797 0.239
0.004 0.078
0.483 0.858
0.773 0.503
0.204 0.676
0.325 0.765
0.561 0.755
0.042 0.223
0.361 0.753
0.198 0.111
0.179 0.265
0.749 0.982
0.006 0.364
0.709 0.310
0.841 0.759
0.978 0.600
0.245 0.789
0.041 0.172
0.055 0.593
0.060 0.459
0.734 0.190
0.477 0.011
0.018 0.864
0.423 0.629
0.880 0.222
0.874 0.006
0.111 0.511
0.739 0.989
0.186 0.299
0.796 0.143
0.453 0.440
0.652 0.571
0.132 0.294
0.744 0.074
0.006 0.561
0.684 0.587
0.211 0.712
0.181 0.498
0.012 0.921
0.112 0.881
0.002 0.627
0.288 0.917
0.737 0.318
0.901 0.752
0.407 0.902
0.643 0.845
0.796 0.086
0.995 0.398
0.434 0.499
0.270 0.842
0.551 0.927
0.540 0.433
0.156 0.887
0.740 0.957
0.347 0.980
0.853 0.213
0.717 0.868
0.278 0.421
0.574 0.520
0.208 0.936
0.519 0.317
0.050 0.711
0.827 0.955
0.743 0.738
0.980 0.654
0.089 0.303
0.658 0.019
0.075 0.269
0.465 0.067
0.542 0.743
0.669 0.346
0.414 0.456
0.296 0.771
0.182 0.851
0.963 0.803
0.264 0.436
0.957 0.842
0.370 0.184
0.198 0.271
0.019 0.876
0.871 0.415
0.922 0.087
0.748 0.767
0.016 0.163
0.386 0.271
0.562 0.944
0.730 0.067
0.872 0.167
0.841 0.107
0.900 0.459
0.894 0.256
0.157 0.574
0.847 0.020
0.137 0.082
0.640 0.844
0.736 0.990
0.158 0.990
0.930 0.920
0.649 0.376
0.333 0.302
0.764 0.399
0.113 0.727
0.904 0.680
0.143 0.018
0.081 0.874
0.211 0.828
0.087 0.184
0.547 0.545
0.369 0.977
0.943 0.074
0.613 0.936
0.258 0.652
0.759 0.544
0.149 0.162
0.804 0.261
0.463 0.562
0.518 0.696
0.846 0.944
0.958 0.202
0.766 0.424
0.419 0.814
0.334 0.546
0.320 0.158
0.013 0.112
0.366 0.002
0.561 0.409
0.193 0.378
0.307 0.593
0.638 0.842
0.183 0.601
0.720 0.227
0.777 0.330
0.381 0.460
0.002 0.986
0.064 0.374
0.933 0.434
0.232 0.192
0.741 0.109
0.007 0.323
0.651 0.552
0.208 0.391
0.327 0.894
0.215 0.943
0.116 0.711
0.224 0.154
0.140 0.490
0.678 0.897
0.302 0.574
0.884 0.004
0.914 0.882
0.067 0.151
0.774 0.857
0.420 0.818
0.223 0.098
0.029 0.954
0.911 0.856
0.897 0.531
0.756 0.119
0.664 0.960
0.844 0.326
0.082 0.401
0.821 0.836
0.680 0.398
0.690 0.166
0.592 0.872
0.755 0.654
0.001 0.452
0.886 0.652
0.198 0.325
0.200 0.584
0.815 0.258
0.699 0.170
0.430 0.237
0.430 0.938
0.317 0.182
0.224 0.692
0.843 0.555
0.159 0.944
0.659 0.286
0.437 0.453
0.588 0.298
0.540 0.917
0.860 0.148
0.119 0.559
0.151 0.688
0.289 0.801
0.666 0.437
0.720 0.494
0.410 0.340
0.113 0.192
0.634 0.907
0.478 0.755
0.370 0.291
0.904 0.202
0.932 0.729
0.352 0.076
0.209 0.917
0.381 0.737
0.607 0.305
0.603 0.983
0.527 0.003
0.113 0.054
0.336 0.984
0.070 0.631
0.907 0.520
0.134 0.693
0.901 0.345
0.469 0.162
0.182 0.882
0.569 0.127
0.900 0.940
0.281 0.044
0.033 0.730
0.980 0.725
0.447 0.680
0.038 0.127
0.787 0.510
0.367 0.890
0.865 0.249
0.082 0.377
0.563 0.398
0.012 0.445
0.620 0.235
0.111 0.520
0.132 0.351
0.611 0.648
0.007 0.854
0.070 0.055
0.111 0.312
0.389 0.399
0.341 0.461
0.217 0.377
0.402 0.865
0.131 0.509
0.653 0.237
0.424 0.973
0.961 0.872
0.328 0.126
0.152 0.714
0.026 0.904
0.321 0.871
0.872 0.654
0.942 0.059
0.790 0.065
0.457 0.277
0.002 0.778
0.771 0.264
0.815 0.938
0.901 0.670
0.432 0.433
0.792 0.665
0.438 0.798
0.228 0.702
0.855 0.812
0.608 0.435
0.451 0.615
0.281 0.414
0.269 0.776
0.095 0.979
0.207 0.114
0.776 0.990
0.815 0.241
0.762 0.373
0.420 0.712
0.170 0.240
0.061 0.416
0.642 0.271
0.739 0.316
0.898 0.345
0.934 0.959
0.989 0.937
0.392 0.193
0.388 0.647
0.732 0.433
0.257 0.305
0.496 0.391
0.460 0.526
0.920 0.626
0.141 0.233
0.813 0.437
0.998 0.635
0.633 0.612
0.665 0.367
0.059 0.275
0.022 0.048
0.096 0.626
0.580 0.260
0.039 0.669
0.542 0.089
0.390 0.119
0.577 0.671
0.217 0.560
0.811 0.885
0.258 0.584
0.061 0.197
0.502 0.069
0.875 0.928
0.902 0.992
0.500 0.645
0.340 0.147
0.532 0.179
0.945 0.955
0.592 0.814
0.414 0.081
0.088 0.501
0.012 0.946
