39.233
160
0.214 0.840
0.967 0.112
0.783 0.551
0.815 0.498
0.404 0.038
0.630 0.202
0.210 0.114
0.994 0.343
0.214 0.501
0.986 0.419
0.386 0.327
0.250 0.587
0.839 0.331
0.608 0.743
0.807 0.725
0.938 0.945
0.549 0.036
0.364 0.591
0.781 0.871
0.675 0.419
0.750 0.502
0.295 0.843
0.605 0.342
0.055 0.349
0.300 0.889
0.468 0.686
0.838 0.462
0.227 0.358
0.342 0.131
0.138 0.501
0.060 0.535
0.781 0.554
0.144 0.927
0.774 0.280
0.742 0.642
0.618 0.582
0.718 0.399
0.771 0.270
0.105 0.261
0.766 0.367
0.202 0.827
0.908 0.843
0.098 0.272
0.318 0.653
0.277 0.103
0.880 0.794
0.874 0.109
0.943 0.687
0.109 0.844
0.461 0.554
0.388 0.103
0.652 0.639
0.580 0.295
0.109 0.032
0.012 0.308
0.771 0.608
0.807 0.452
0.100 0.061
0.271 0.334
0.305 0.317
0.198 0.057
0.488 0.673
0.097 0.979
0.135 0.835
0.563 0.370
0.460 0.676
0.232 0.691
0.741 0.933
0.021 0.898
0.915 0.246
0.642 0.148
0.399 0.918
0.708 0.462
0.316 0.523
0.085 0.495
0.025 0.034
0.551 0.288
0.153 0.418
0.211 0.010
0.130 0.801
0.595 0.019
0.551 0.115
0.812 0.248
0.561 0.859
0.658 0.810
0.880 0.984
0.121 0.946
0.975 0.191
0.288 0.918
0.397 0.879
0.260 0.211
0.240 0.805
0.316 0.449
0.261 0.048
0.249 0.797
0.199 0.238
0.464 0.164
0.472 0.121
0.178 0.490
0.495 0.457
0.807 0.512
0.563 0.901
0.434 0.890
0.387 0.036
0.047 0.302
0.097 0.934
0.109 0.131
0.768 0.676
0.899 0.665
0.302 0.078
0.973 0.317
0.801 0.438
0.055 0.221
0.396 0.543
0.625 0.711
0.888 0.270
0.499 0.614
0.425 0.122
0.723 0.969
0.899 0.690
0.179 0.822
0.685 0.598
0.407 0.938
0.857 0.714
0.274 0.901
0.028 0.527
0.293 0.826
0.518 0.377
0.579 0.078
0.644 0.901
0.680 0.753
0.547 0.448
0.748 0.343
0.108 0.379
0.836 0.995
0.211 0.187
0.405 0.966
0.779 0.083
0.493 0.433
0.809 0.236
0.373 0.584
0.855 0.182
0.941 0.009
0.249 0.997
0.535 0.777
0.660 0.712
0.339 0.209
0.490 0.095
0.066 0.290
0.970 0.387
0.121 0.876
0.777 0.767
0.048 0.311
0.451 0.350
0.637 0.871
0.860 0.286
0.728 0.466
0.526 0.099
0.396 0.381
0.643 0.754
