9.873
40
0.802 0.960
0.275 0.887
0.840 0.903
0.958 0.707
0.291 0.033
0.896 0.432
0.274 0.932
0.785 0.524
0.990 0.957
0.502 0.863
0.303 0.134
0.687 0.082
0.334 0.029
0.707 0.640
0.165 0.630
0.703 0.266
0.318 0.723
0.858 0.470
0.269 0.071
0.042 0.558
0.902 0.677
0.482 0.161
0.469 0.813
0.195 0.645
0.310 0.062
0.484 0.878
0.327 0.519
0.921 0.746
0.965 0.492
0.906 0.506
0.226 0.470
0.041 0.510
0.081 0.873
0.305 0.112
0.496 0.124
0.232 0.588
0.153 0.862
0.079 0.709
0.898 0.708
0.275 0.217
