160 3200
-5 101 110 
102 51 151 
-34 108 98 
130 -84 -14 
-49 145 60 
110 -23 -30 
60 -10 -124 
-159 78 36 
-42 -124 -127 
-47 18 126 
-68 -158 31 
41 138 134 
155 -137 83 
91 146 41 
-141 93 78 
-49 31 151 
131 122 -97 
125 -159 -128 
110 102 -80 
-87 -123 126 
38 -68 -70 
-42 145 20 
-11 113 -132 
100 -159 131 
-73 -133 -88 
41 36 60 
-39 -33 6 
50 64 -54 
-107 -103 -135 
43 -119 113 
-7 110 110 
18 -82 125 
-33 -34 -86 
48 -141 -17 
-129 -132 -77 
6 45 27 
66 60 138 
125 111 -40 
-84 -106 67 
117 -142 -105 
-103 -109 -40 
-121 6 -123 
-135 -53 12 
-54 9 38 
-114 -79 131 
-123 -86 50 
46 -58 -114 
-84 2 -10 
12 101 -53 
-70 -42 3 
110 -129 -11 
125 76 -11 
-147 64 -158 
65 131 26 
18 19 -33 
-129 -81 -61 
-44 50 -39 
102 48 157 
-44 3 -72 
126 93 18 
-148 -68 -158 
157 93 67 
-34 66 151 
51 -142 -152 
-54 60 -49 
-106 111 -52 
-17 -116 67 
89 -68 90 
83 156 -139 
-54 126 151 
-147 -81 -132 
57 90 -74 
157 -34 -1 
-132 3 125 
-80 -16 -95 
-70 153 64 
-132 144 -72 
-142 153 -11 
-121 130 113 
93 -80 -72 
-8 102 -148 
48 -16 -17 
78 -79 -109 
-114 51 -152 
-74 18 83 
-74 -1 115 
-119 -106 -77 
144 -119 -141 
65 60 -109 
149 -42 -116 
50 78 -17 
-70 -136 19 
-72 29 66 
155 -136 -73 
-105 60 -119 
-123 2 -73 
50 83 138 
-80 -159 101 
-69 160 29 
110 51 -28 
89 90 -49 
41 -70 12 
78 93 -95 
-87 50 41 
-87 -133 -34 
-107 43 13 
43 157 -61 
143 -34 -81 
64 -140 62 
156 -104 -28 
55 -99 -63 
-140 -42 22 
134 56 50 
-69 -53 126 
-127 -7 101 
-54 110 15 
-70 -33 -109 
-88 -158 -68 
157 -49 -124 
-114 -116 51 
-75 143 -159 
-87 157 151 
134 -123 60 
-58 91 -116 
-79 -63 -139 
3 -139 -11 
-109 -39 -59 
-8 60 -159 
18 112 3 
-127 3 156 
-70 130 18 
-82 -34 156 
-127 -141 -88 
-30 -105 -23 
43 108 62 
-147 32 -42 
117 -42 64 
155 36 -84 
-82 60 -114 
-86 -152 117 
-63 67 -124 
55 -63 -70 
62 -16 -141 
-88 -68 115 
98 -1 -8 
15 60 -54 
100 -147 -154 
-88 50 89 
46 -69 -135 
157 20 -118 
36 -40 50 
-133 -63 18 
-58 151 108 
26 -70 -69 
-85 -154 -63 
-10 56 65 
-44 -58 -128 
157 -84 -119 
56 41 108 
-140 2 153 
-158 143 -73 
-63 -97 -133 
-116 19 -5 
-53 125 -42 
149 90 51 
64 65 113 
-158 146 149 
101 -86 -68 
-139 -103 -152 
19 -39 93 
-73 -28 -107 
-34 48 -37 
-39 -129 -30 
-61 -74 43 
55 31 -114 
111 -47 71 
-147 -49 153 
-140 92 -8 
66 31 138 
64 46 -85 
131 93 -69 
2 -39 -40 
-132 9 -86 
93 35 -132 
-84 60 -97 
-8 83 160 
-11 -23 108 
157 -141 -109 
67 48 -106 
-140 145 3 
76 144 -140 
78 -127 -142 
66 -52 50 
122 -75 -119 
21 18 50 
45 -114 9 
112 -24 -63 
-69 134 -75 
-33 -40 -24 
-23 -82 -147 
153 32 146 
-139 41 -97 
-141 -44 -154 
108 110 31 
-8 51 13 
151 21 19 
-8 -109 -53 
-33 125 -133 
-154 98 101 
-133 -105 -16 
-140 -133 -120 
-53 91 -16 
-105 -24 48 
-133 43 4 
146 51 64 
117 -63 -141 
-79 -133 3 
93 102 101 
56 18 -85 
76 29 117 
-103 76 41 
-24 13 76 
-69 41 45 
-47 -137 71 
-116 66 -120 
-24 102 -118 
20 20 -137 
-53 -119 65 
-147 -86 -123 
-80 29 -68 
101 55 -137 
-10 -114 12 
-16 -34 -86 
101 -33 -106 
26 108 -99 
108 -148 19 
150 -128 115 
-69 -30 101 
-47 -11 -132 
32 -68 -133 
143 90 -70 
-114 150 -7 
-14 -24 -152 
51 -23 26 
-159 -104 138 
-142 51 -79 
130 29 -77 
-97 -96 -68 
156 -133 35 
-85 67 67 
-103 -28 94 
46 -152 -84 
-53 -72 -129 
-79 83 -40 
-124 -11 -129 
-79 -25 -97 
62 143 160 
-11 4 160 
32 138 -69 
-49 -109 -30 
65 -1 94 
-44 -37 -16 
98 35 -136 
-73 60 100 
130 -109 113 
-16 -68 -17 
151 153 4 
-80 125 -127 
19 -84 -106 
112 65 -96 
18 -107 -75 
-79 91 15 
-88 138 91 
91 98 -30 
-104 117 71 
138 -24 3 
-5 15 -17 
20 -128 -49 
-116 -120 113 
-24 112 -116 
-85 45 -11 
-1 125 -95 
-79 9 -88 
46 -79 60 
-58 -147 -136 
-136 -159 29 
2 -54 41 
156 36 89 
131 27 -8 
117 -75 -11 
146 -119 -28 
-72 -152 -58 
-17 -74 -42 
27 4 -80 
45 -58 -7 
151 13 111 
-103 134 38 
4 146 -84 
-59 66 -88 
-139 -109 -49 
151 -103 -109 
20 156 -53 
38 -140 57 
-8 -40 -88 
29 27 -120 
-37 -85 56 
38 -142 -119 
131 -72 -87 
62 -70 145 
-72 91 43 
-106 145 -159 
4 65 -86 
-63 -116 113 
112 -49 66 
-8 138 110 
-1 150 91 
18 -147 -85 
-107 -58 89 
-16 -5 -24 
-42 146 -128 
-39 -147 43 
-42 -114 -25 
-82 -10 125 
67 110 -58 
157 156 -119 
35 -137 32 
-82 -69 -30 
-52 138 -70 
-118 138 83 
-58 62 130 
-34 -28 9 
36 113 -69 
156 2 -8 
93 45 51 
35 36 145 
131 56 -119 
93 -129 38 
29 -152 155 
56 -152 66 
-95 71 41 
-23 -152 -109 
-120 -25 51 
67 -68 26 
-154 151 98 
15 6 -139 
-106 -159 4 
18 -116 -44 
43 9 2 
94 -10 -120 
102 -81 -135 
-99 27 15 
-82 -133 131 
-104 -68 -5 
-72 117 62 
-159 -68 -128 
110 -127 -154 
21 6 -154 
-152 46 20 
-148 56 62 
12 -152 134 
-74 50 26 
-73 -61 36 
-80 101 45 
-42 153 -96 
-33 151 143 
146 -79 138 
56 -99 -54 
-11 -7 -148 
143 12 -106 
-141 146 57 
-72 144 26 
27 -8 -129 
38 -87 22 
-74 -121 57 
67 126 -109 
-11 -123 -25 
-159 -82 117 
-141 -97 145 
-141 -73 21 
117 -73 138 
-95 -44 -133 
-147 -84 55 
-77 18 146 
-1 57 -127 
-8 64 15 
20 91 -137 
31 -129 43 
19 143 -129 
-103 -120 62 
38 -8 22 
-49 -147 -47 
65 48 -124 
-137 146 -140 
57 145 149 
-63 -139 -5 
-47 111 -74 
29 113 90 
6 -97 -104 
160 -1 -49 
145 -58 126 
31 6 108 
-119 -11 -129 
-11 -52 -58 
130 -1 -86 
-96 83 -1 
101 -54 93 
-154 160 -148 
143 94 -63 
-16 83 156 
55 -52 125 
-17 126 156 
64 38 62 
6 -37 -87 
38 -74 -44 
108 90 -139 
134 -72 -58 
-24 2 -52 
-53 -47 -1 
130 -69 -47 
60 126 -1 
50 -127 -82 
101 43 -137 
-24 150 160 
-154 91 -133 
110 -116 -53 
-123 50 -135 
20 71 -137 
3 -128 18 
-158 -141 -129 
153 -1 -133 
146 -120 -132 
89 -39 20 
-140 62 100 
-37 3 149 
157 78 83 
-37 157 32 
27 -118 38 
160 -11 -39 
-34 145 -24 
56 -54 -5 
22 100 -8 
-28 -104 20 
153 -53 134 
-1 -14 98 
157 -17 -30 
-148 19 57 
-7 -75 -133 
98 92 -105 
36 134 -96 
-28 32 -34 
76 108 -133 
-17 -17 -59 
83 55 18 
6 156 93 
-42 -154 -61 
-159 -1 94 
-107 -80 130 
-47 91 101 
92 -37 110 
15 -81 -121 
146 108 -95 
126 -107 -40 
144 45 146 
43 65 3 
-109 -7 -1 
155 -120 90 
-74 -79 -58 
-1 62 91 
6 -34 36 
149 -158 78 
-24 64 -119 
-152 145 66 
-5 64 -140 
90 -1 4 
-87 71 50 
155 -39 -85 
151 -107 -123 
-53 43 -49 
131 -23 -79 
-128 -10 -37 
38 131 144 
57 134 -141 
-85 -148 149 
66 -24 26 
-59 -75 2 
110 55 27 
6 94 153 
-120 -158 29 
92 -106 27 
-139 -121 -44 
-139 -70 -133 
-37 29 64 
92 -148 -120 
-86 -59 41 
115 -17 36 
13 57 -142 
-88 -154 -84 
46 -85 115 
143 122 -136 
32 22 48 
-136 110 113 
-10 -124 -52 
-97 -140 20 
-118 -54 89 
-136 100 -105 
-25 71 -33 
36 -137 -80 
-80 64 -69 
66 -154 -8 
-133 -73 98 
-124 -103 -23 
-52 -1 -159 
-140 20 -129 
-107 20 -120 
-42 -123 60 
15 143 71 
-74 -16 -127 
27 -114 18 
4 111 -116 
-69 101 -63 
-135 66 18 
138 -158 50 
15 -25 -30 
32 -119 65 
93 146 -82 
-107 -127 126 
-10 156 149 
21 -84 117 
-8 -79 66 
-72 -11 -148 
-24 -159 31 
64 -17 51 
-73 76 149 
-59 48 156 
-72 -63 117 
-141 45 -147 
-109 -58 -80 
67 -16 -128 
-106 -107 36 
62 122 4 
-40 -44 -54 
-95 -119 27 
-85 -142 -119 
66 -58 67 
-140 -159 -109 
83 156 -68 
149 -135 -79 
-23 48 26 
-24 -28 9 
92 45 -61 
-11 -136 3 
157 -54 -107 
-119 157 38 
110 157 48 
12 -70 -42 
122 -87 -63 
-140 -33 27 
-73 -137 46 
-82 102 -70 
-119 -59 -133 
13 2 -107 
15 156 -33 
66 156 48 
-95 -133 115 
41 -11 -47 
35 -99 160 
-59 -16 -148 
149 71 -10 
156 150 -147 
15 -121 -104 
-133 89 160 
-47 149 -14 
-24 12 -114 
67 111 29 
-141 4 -34 
64 -159 -17 
125 -95 -37 
-82 151 102 
57 -114 -104 
102 -28 -123 
-30 -53 -7 
27 -159 125 
-37 -85 126 
-97 48 -82 
92 122 38 
-70 48 27 
160 -16 -8 
-123 -96 29 
45 51 -85 
134 -96 35 
48 4 93 
100 -105 -140 
-23 67 146 
-127 13 93 
-17 21 -154 
35 134 -109 
-106 -5 46 
3 -118 149 
93 29 122 
76 -72 27 
-37 -77 -73 
-84 155 31 
143 146 15 
60 22 78 
126 -116 31 
94 -54 -23 
-81 -52 71 
145 111 90 
35 149 18 
65 -77 -141 
19 115 143 
51 -86 32 
-24 145 -159 
-87 45 102 
-39 144 2 
60 41 143 
13 29 -99 
-114 -159 143 
-49 -109 110 
-152 71 -119 
144 -152 60 
-59 45 -152 
66 45 55 
32 -17 31 
160 -95 64 
-11 -81 100 
138 -129 -147 
111 108 150 
38 -123 71 
-147 101 -136 
55 -8 125 
4 90 20 
91 115 -124 
94 157 31 
-136 51 26 
-105 55 21 
51 27 126 
-44 -33 -30 
21 -7 65 
-154 -99 -75 
126 -135 138 
-120 51 -61 
-128 -14 45 
56 4 112 
98 -96 117 
67 -11 -120 
60 -159 -136 
-40 32 -158 
93 -39 -142 
126 -52 -120 
-17 -30 26 
-84 -75 144 
-118 18 -141 
-53 89 32 
122 -159 155 
18 -61 -158 
112 -147 -95 
-105 126 15 
-80 21 2 
-137 -129 -53 
-139 134 83 
-147 -154 -95 
93 3 122 
31 -58 -1 
92 2 93 
92 -82 64 
83 36 112 
111 91 -69 
-97 -106 -58 
-139 -34 -49 
71 3 156 
-68 -82 92 
-61 91 126 
-139 150 -72 
-75 3 151 
-137 22 112 
93 160 -133 
55 125 -14 
-80 76 -37 
-158 35 126 
-68 -28 -137 
-114 71 12 
144 -148 160 
130 -79 -72 
-28 -1 93 
146 -79 4 
92 -139 -118 
-105 125 6 
110 143 -128 
-25 -123 125 
41 -121 -24 
-109 138 38 
122 -33 21 
60 32 111 
125 -23 108 
89 -159 -30 
-104 -42 -37 
-152 -17 -17 
2 3 -123 
-39 -137 -1 
125 -95 43 
-10 -139 -95 
126 -152 57 
-58 -69 -120 
-84 65 -140 
50 -33 55 
-139 122 -74 
143 153 -141 
-74 146 -86 
-119 -104 66 
-86 48 -14 
-107 -69 155 
115 -154 -81 
67 31 32 
-158 13 -127 
155 145 138 
156 -87 -127 
108 -128 90 
76 -47 19 
36 -123 76 
110 31 -39 
-140 60 89 
-70 -30 112 
78 146 -147 
-107 160 90 
51 -104 -114 
50 -74 -34 
15 41 -37 
-16 -44 138 
-8 76 2 
6 -140 64 
-87 -127 -159 
92 55 131 
-142 -61 31 
-14 144 -119 
160 -7 -141 
-109 -63 -40 
-114 -103 76 
45 -77 -127 
-5 64 19 
126 92 -47 
-105 38 -87 
-34 -34 -69 
43 93 -77 
-95 92 41 
57 -148 -58 
-118 38 146 
83 130 48 
100 -16 48 
138 -97 115 
-106 46 130 
36 134 67 
93 115 15 
-8 78 -104 
12 45 146 
26 -104 -49 
-152 51 100 
112 57 18 
-142 -133 117 
-133 150 -154 
12 -74 146 
56 108 26 
155 65 -33 
-37 145 -24 
-74 -34 131 
-37 89 -49 
-34 -105 -154 
2 -139 100 
-14 21 46 
102 18 -53 
62 -123 155 
32 -104 98 
-17 78 143 
22 -127 57 
89 157 -142 
157 3 -70 
3 -23 27 
-58 -114 -47 
-158 43 41 
64 -123 -16 
122 26 41 
-105 -47 -123 
-52 151 -85 
-124 -148 -34 
-154 -142 93 
-127 43 112 
-137 -42 130 
32 -152 -25 
-16 -24 29 
110 -141 -14 
-114 -16 -53 
108 92 156 
-34 115 102 
93 -77 60 
102 6 146 
46 -28 -72 
-53 -7 -34 
-81 46 113 
-95 22 -96 
-8 -74 35 
145 94 -53 
-8 -96 -159 
71 -52 36 
64 -136 -23 
-148 -54 -7 
-40 -121 -75 
-80 -121 90 
101 -136 46 
4 108 138 
18 110 56 
111 -5 143 
146 92 3 
46 -25 65 
-34 -63 -1 
-107 13 134 
150 -132 155 
-141 62 98 
46 57 -152 
-5 126 -88 
43 160 149 
-49 -10 -136 
-136 48 -72 
27 -139 -33 
-106 -34 98 
-11 -75 -104 
76 20 -75 
76 -121 145 
-70 -121 -96 
-70 -1 -99 
-132 149 60 
-34 98 -44 
-141 -152 -148 
-120 -11 145 
115 151 51 
-74 -68 89 
134 94 83 
-152 -159 93 
-75 -42 155 
-109 21 91 
-120 -7 -141 
-159 98 -159 
130 -1 150 
-42 -14 -80 
-68 31 31 
35 -17 -132 
55 48 153 
90 -84 -40 
-105 -11 -120 
98 -95 94 
-85 90 2 
-123 -158 -14 
-58 -86 -39 
-63 145 -95 
18 -139 -52 
125 -86 9 
-114 -11 131 
-152 -118 -135 
15 110 -139 
45 -127 -5 
32 -75 151 
56 -107 -109 
93 -23 -124 
57 38 -73 
26 -82 -28 
-121 150 146 
-119 65 -49 
-82 -103 29 
-159 -148 3 
35 60 -128 
150 -109 12 
-121 -58 -14 
156 108 -97 
-42 45 21 
149 151 -128 
153 -152 101 
-8 89 93 
130 -34 66 
-140 146 -127 
-75 153 22 
-49 -30 22 
153 146 -14 
48 -127 -24 
-128 -39 -88 
149 -74 89 
71 143 138 
-87 -132 43 
-140 -127 45 
113 -58 115 
-52 62 56 
-74 12 -96 
64 -52 -97 
91 -132 -121 
15 -25 125 
-16 -80 -128 
-52 -128 35 
12 -158 -42 
-10 -53 -1 
78 78 -123 
143 -109 35 
-53 6 115 
-132 20 -80 
-107 48 19 
50 134 65 
-17 31 60 
-74 110 -58 
62 -80 117 
-105 -159 151 
50 151 155 
92 3 115 
160 76 35 
125 108 93 
146 -118 15 
-84 46 66 
112 91 83 
-141 111 -5 
18 112 93 
-61 156 71 
35 -28 64 
67 -61 -40 
36 -87 125 
-37 62 -70 
151 143 22 
67 26 -114 
-74 -159 115 
111 36 15 
-103 -16 2 
-77 98 19 
-16 157 -107 
149 149 -54 
-97 -49 89 
-123 130 -128 
115 -136 -127 
-133 -95 93 
-7 -136 20 
131 12 -140 
-152 -52 155 
29 -68 -5 
94 157 138 
13 -39 138 
41 144 -23 
-123 -16 60 
145 -34 134 
-147 26 -121 
62 112 -84 
71 113 91 
71 -120 -135 
-59 -114 29 
55 -81 -135 
-70 -25 131 
-52 51 -88 
-87 -129 -74 
-11 -1 -59 
9 19 -17 
111 -118 155 
-68 -86 35 
-99 -37 -105 
-148 -140 -80 
3 150 110 
-137 -123 -136 
18 -106 55 
-68 122 71 
21 -54 -116 
-1 -141 -158 
-54 -121 115 
138 48 -129 
-86 -128 -73 
-70 -70 -158 
-154 78 100 
100 131 -99 
90 83 -132 
-82 -52 -17 
15 -142 -95 
-105 130 3 
-139 117 -16 
-107 -142 83 
143 93 -44 
-25 62 45 
90 65 -44 
-121 143 12 
-72 -136 -14 
-141 156 -116 
150 102 57 
117 -16 71 
65 -1 -33 
-106 -53 20 
2 -140 20 
144 -37 -133 
-84 -37 22 
4 -72 20 
-129 115 4 
-137 78 -107 
-53 -114 26 
50 41 -81 
-1 -30 146 
153 -104 64 
126 -104 6 
-16 -23 35 
-28 48 38 
111 108 -30 
-39 13 -72 
-103 94 145 
55 55 -5 
15 -70 -68 
-97 -147 26 
138 89 18 
-11 134 -30 
-152 67 149 
-34 46 31 
-141 93 138 
38 19 -123 
143 -159 -81 
43 -121 -142 
-58 56 -136 
110 -142 -8 
-77 -136 -73 
-121 -147 -106 
2 66 6 
-95 -86 146 
55 -114 60 
-103 100 -44 
153 -80 51 
130 -75 100 
-114 3 94 
18 110 -85 
-70 -44 -123 
20 -96 100 
18 -49 -106 
41 -127 143 
9 112 9 
-42 46 51 
-85 110 126 
-68 -34 -88 
-129 -80 -8 
-104 -119 -147 
48 -86 -88 
-59 -24 4 
102 -105 -87 
101 111 -70 
-123 -107 4 
91 -147 90 
-5 -61 -154 
153 4 9 
22 110 122 
56 -69 -159 
67 101 -63 
131 36 130 
-121 -109 -53 
-121 -74 -1 
83 -58 15 
-159 -68 117 
21 66 57 
110 55 -128 
36 -10 -70 
46 -147 78 
-105 43 50 
-132 -54 -154 
-118 -5 126 
64 111 55 
146 -10 117 
-104 56 -119 
-124 155 150 
-54 -61 151 
-14 -148 -123 
-119 12 -88 
-147 98 78 
-59 48 -25 
144 93 50 
3 -142 76 
56 -136 -97 
-86 9 22 
-10 -118 -120 
71 -68 31 
-139 101 117 
89 93 -118 
-73 89 -124 
-68 65 -127 
-73 45 131 
-99 -103 15 
-73 76 62 
157 -1 22 
-136 112 -59 
-119 -127 -5 
15 -81 64 
-63 71 -75 
92 2 160 
50 144 83 
-118 -30 29 
45 -141 -82 
-5 -52 -128 
-123 -103 -28 
56 62 156 
64 -137 -85 
-10 -136 151 
93 -59 -5 
83 153 64 
92 -85 160 
62 -47 -103 
-158 -72 111 
-16 91 -10 
26 101 -88 
125 -11 -120 
145 -97 -68 
90 144 -120 
89 -30 -28 
108 -120 46 
-7 156 -68 
-142 -25 -88 
-119 65 -85 
101 83 -158 
-11 91 -124 
113 151 76 
98 94 -69 
-135 138 -137 
108 100 -28 
143 -104 150 
160 -154 -44 
-52 36 -54 
-142 -106 43 
138 -52 9 
-68 -118 -69 
50 29 64 
-88 -10 -154 
43 9 151 
-49 -137 -70 
2 31 71 
-109 -141 -14 
-68 71 -80 
64 -142 146 
-37 -123 -81 
-58 -81 -137 
-103 -59 -52 
-69 -132 56 
101 -152 65 
-137 143 -106 
-34 -104 48 
19 -85 101 
38 91 -52 
-106 -96 -97 
-30 31 64 
-129 -124 -11 
-137 -88 -5 
19 26 -37 
-147 48 -127 
43 130 -14 
43 -124 -136 
-140 -82 -154 
-116 38 -73 
130 20 -75 
89 -159 117 
-121 -142 -123 
102 22 -105 
-59 125 -7 
15 83 -17 
27 -120 144 
56 3 -132 
56 57 12 
110 6 -132 
-104 -140 -44 
-124 -99 64 
156 -142 -44 
65 -14 15 
-104 51 131 
-75 21 -47 
57 89 56 
18 -77 -69 
150 35 38 
-129 -116 -147 
2 117 -99 
2 31 20 
32 64 -81 
145 -106 48 
111 93 -69 
98 146 21 
-147 130 150 
143 38 -25 
-84 -8 -52 
122 4 51 
-47 108 -75 
-118 -5 -80 
3 -28 22 
-53 -63 20 
-158 -33 4 
50 -82 18 
-47 115 78 
131 18 31 
56 -53 18 
108 -97 91 
-139 20 -116 
-124 -47 150 
-140 -103 -154 
146 146 -136 
-54 -109 18 
3 76 -154 
-59 -47 31 
15 -127 -8 
-44 -135 -85 
-132 -44 41 
-84 -159 35 
-39 115 13 
50 -141 -30 
-135 -1 -14 
-124 29 -77 
-81 -73 -28 
2 -42 145 
-136 108 94 
35 -49 108 
-1 101 -132 
-80 83 -154 
62 -73 32 
45 125 -133 
-87 -141 62 
-49 -141 -39 
-11 -140 117 
-133 -128 115 
144 20 -135 
-30 4 -137 
-109 -10 -107 
94 -147 48 
13 138 26 
-44 108 27 
130 144 93 
146 -7 -70 
35 130 144 
113 117 160 
98 143 -103 
19 -49 -23 
130 -105 65 
-133 -86 15 
-58 -7 -69 
-103 -1 76 
-58 48 122 
64 57 -88 
156 35 65 
-123 -132 -121 
-97 -119 -104 
-49 153 122 
-10 -121 -14 
-47 -34 157 
83 -137 -159 
130 4 41 
36 -107 -159 
83 -72 64 
56 90 -47 
26 -84 -84 
-136 -10 -139 
153 108 83 
-87 126 117 
-79 111 -85 
-141 -105 130 
-135 -82 146 
4 -72 -14 
-34 -42 126 
-16 -68 -139 
-59 4 -8 
-68 110 -39 
13 -73 -114 
-148 31 -74 
-152 -88 -59 
89 -147 145 
157 -52 -53 
-11 32 2 
115 -136 -58 
-73 76 36 
-103 -7 146 
-24 65 -39 
143 -137 29 
-7 155 32 
-114 134 122 
-136 65 -154 
-142 -85 45 
149 -84 -49 
146 -49 -54 
-84 -114 115 
126 9 67 
-34 110 32 
-63 -85 -59 
-132 -132 -121 
-77 -34 -59 
-14 89 -37 
-132 46 13 
-95 20 64 
-58 -63 -140 
-30 -11 32 
-159 145 38 
-121 -44 138 
-103 32 -52 
131 -74 -129 
134 -87 144 
-61 -23 -42 
108 -28 -52 
29 -99 27 
-114 -14 -63 
-135 -119 -16 
-24 122 46 
-70 -25 62 
90 83 115 
-137 -88 143 
38 48 -123 
-34 125 153 
-47 -132 151 
66 -8 91 
130 62 -133 
126 36 102 
50 -14 -63 
138 60 -121 
-80 89 145 
57 93 -95 
15 -68 46 
-81 -133 150 
-120 -24 35 
-80 62 21 
-159 89 -52 
-148 -132 -52 
-16 157 -52 
-39 45 143 
-116 -85 157 
-16 41 -7 
93 48 12 
92 46 -79 
-133 -61 4 
-40 83 50 
115 -8 -121 
145 -28 35 
153 60 -158 
-158 -25 89 
13 -148 2 
157 145 -133 
51 131 41 
89 4 66 
-23 -59 2 
-103 22 60 
111 62 46 
-61 50 67 
-69 -103 160 
-135 -74 -97 
46 -154 -96 
-61 -16 -30 
-77 71 -136 
149 -11 -74 
156 -49 -107 
-154 27 -59 
-16 -80 144 
83 125 50 
9 108 122 
115 -68 126 
45 -97 -49 
83 -109 -7 
-158 83 50 
130 -87 -42 
-47 65 113 
94 -11 67 
60 -79 -135 
-84 -54 -139 
-103 -24 65 
-109 111 -47 
-137 27 18 
143 4 -17 
83 -5 145 
22 94 -47 
-16 -42 -69 
35 93 -104 
-152 -97 153 
-84 -11 -52 
-86 -142 117 
117 -103 6 
-72 -87 -11 
76 -73 -158 
-127 -147 15 
-33 -84 46 
-147 138 -123 
-75 -10 -80 
-85 3 101 
-17 9 126 
78 -95 125 
-70 146 -135 
4 -63 125 
-72 4 -137 
131 126 144 
51 32 146 
151 6 -140 
-107 -28 -132 
36 78 -96 
-11 -49 26 
-132 65 71 
115 100 64 
-39 -75 134 
160 -109 -74 
-54 -158 -77 
-73 83 -81 
-59 -34 -105 
-140 -23 -127 
-129 -123 -118 
-123 156 -105 
-120 65 -23 
-47 157 -8 
-58 101 71 
-139 113 -82 
-33 111 -34 
93 -104 -17 
22 94 -72 
-17 -84 157 
66 4 93 
62 -8 -24 
-104 -127 -44 
-30 27 -132 
160 36 -84 
3 150 -44 
78 -154 55 
21 -118 153 
-74 26 71 
45 -135 -10 
2 -30 149 
4 125 112 
101 92 -118 
71 51 126 
4 145 -25 
93 51 126 
100 149 -61 
-95 78 155 
-85 66 138 
143 60 65 
-8 -84 66 
21 149 -17 
-114 -124 -17 
-72 -23 51 
-52 35 156 
117 -25 92 
15 15 -119 
-16 -23 19 
65 94 -116 
31 -11 29 
78 31 -119 
89 -80 12 
144 108 9 
2 94 -81 
-79 -154 -30 
31 -140 -75 
21 156 -58 
-152 6 -129 
-159 90 66 
27 -84 36 
-34 144 -84 
125 -59 -148 
27 -37 111 
-109 -116 -10 
-129 45 3 
91 83 -1 
145 111 -133 
-61 -105 -116 
27 -159 36 
157 -1 -42 
112 -10 160 
43 -84 -96 
64 -42 -33 
146 134 51 
-58 29 126 
-52 9 -10 
-116 -34 102 
89 4 -119 
57 -103 -129 
110 117 -95 
78 66 111 
138 46 146 
-127 -119 9 
-11 36 -52 
12 -147 3 
62 157 -105 
-74 -141 -152 
-1 -135 41 
38 -87 146 
-72 26 -154 
-33 98 -69 
64 -40 -123 
94 -52 -23 
-139 149 -109 
22 -42 -53 
48 -107 -82 
-140 -82 -82 
45 60 -70 
-132 130 56 
13 21 -140 
150 101 -24 
130 143 -81 
-82 -30 36 
-106 60 -95 
-123 -95 43 
-116 -82 41 
-72 12 71 
13 71 150 
9 76 -23 
101 36 91 
20 -79 -121 
-25 -58 156 
-116 22 -25 
-121 -59 131 
-107 -107 160 
131 60 108 
94 -39 93 
-23 -96 -81 
-37 93 91 
-47 19 -104 
-53 3 92 
112 -77 -88 
-7 51 -104 
-133 29 108 
-133 153 -72 
-40 -10 134 
-28 -74 -104 
-121 4 90 
-68 153 -142 
-74 -63 -79 
130 -24 -103 
-135 92 -25 
6 -103 15 
-59 57 -61 
-59 113 89 
-132 -54 6 
-77 32 41 
134 -120 131 
-47 -63 -25 
113 -84 -132 
12 131 155 
92 110 -97 
27 -118 -39 
-95 64 -107 
149 -80 160 
76 -109 -80 
108 -23 43 
46 146 -17 
-137 151 -158 
48 -135 -119 
-99 3 -96 
-124 130 20 
-123 -72 -109 
160 78 130 
-68 -10 -132 
-124 19 -17 
-106 56 21 
150 -39 62 
-81 -16 -132 
145 -52 22 
45 -10 126 
149 76 113 
-123 108 -132 
111 -95 15 
112 144 -99 
146 -88 -106 
15 -11 -84 
-80 45 -86 
160 -129 -147 
-97 115 -25 
51 93 -42 
-152 90 -69 
-77 66 -70 
101 56 -154 
102 -148 21 
-68 66 -147 
98 144 -124 
93 -154 -152 
113 -104 -142 
110 92 -139 
35 62 102 
-8 57 -5 
12 90 -121 
-39 46 31 
-5 149 -84 
-79 31 -104 
-24 -84 90 
15 -58 -127 
12 -63 -147 
-116 144 126 
-116 -40 -81 
145 -7 -77 
45 94 -133 
113 2 35 
21 -121 -147 
-127 19 -124 
144 143 -7 
-75 -82 -16 
-10 71 51 
21 125 -11 
-42 19 -79 
-39 20 83 
144 155 -23 
-103 -14 -70 
50 6 -133 
-132 57 91 
112 -59 27 
38 -25 -123 
-69 50 -86 
126 26 -147 
146 -136 60 
-16 -132 122 
130 -95 -34 
45 -103 57 
155 -86 122 
-135 -127 102 
146 149 -11 
-136 -30 48 
-154 -72 -37 
-139 111 -139 
78 113 -47 
-47 -61 -59 
67 -133 160 
113 13 15 
2 60 -53 
144 27 76 
-106 -152 60 
76 -133 29 
125 93 -72 
156 -49 -23 
-1 -77 122 
4 27 -152 
108 26 143 
-23 110 -135 
-107 6 94 
62 -40 -116 
100 -142 -11 
32 -86 -14 
-106 91 6 
-142 -139 145 
-109 83 21 
60 -128 -28 
-44 101 55 
-1 55 -129 
-11 122 -1 
41 -142 149 
149 -17 -147 
108 157 -87 
143 113 -16 
-28 -40 112 
-69 -14 -87 
4 145 126 
-142 13 18 
-135 20 -61 
157 -85 90 
-40 -30 3 
102 -127 18 
-118 -5 55 
-140 108 130 
-49 -148 -10 
-80 15 92 
-47 -118 21 
101 -87 -24 
-24 -136 143 
155 6 83 
46 56 94 
-80 160 12 
-118 -47 51 
32 6 -87 
-79 -114 -23 
-136 51 -47 
149 -1 -10 
-75 151 35 
-116 -53 144 
-99 2 -16 
-158 -147 -23 
48 35 76 
153 134 150 
131 138 -7 
-154 113 -72 
-23 76 9 
-81 -17 -154 
-37 -82 -140 
115 27 -147 
-10 29 90 
-75 76 -1 
78 56 -123 
-142 -44 4 
-1 155 2 
19 -53 -114 
90 83 -154 
46 156 26 
-42 98 -136 
-147 -136 131 
-81 91 21 
-79 65 110 
-95 -139 113 
55 143 -148 
65 -1 -58 
-127 151 -49 
-139 -123 -8 
-30 145 130 
-128 31 -52 
-40 126 -137 
67 -85 22 
-154 153 -79 
-5 -10 156 
-103 62 -109 
117 -80 -58 
60 108 117 
130 -139 -72 
-96 -127 76 
-72 -152 -86 
150 -135 -77 
19 -129 -88 
112 -121 -82 
94 -84 144 
-104 -47 -1 
22 100 -10 
89 -87 15 
143 -37 -49 
98 22 -119 
-63 -72 76 
-109 76 131 
15 -75 -17 
144 102 131 
51 22 -139 
-139 56 160 
-34 144 12 
-104 90 19 
-75 91 -80 
160 -139 -81 
-42 62 93 
55 -118 83 
-79 56 130 
-129 -8 -87 
-28 -72 -104 
110 55 -105 
-152 9 83 
-52 -34 -87 
-75 -132 -23 
-23 134 -135 
-154 -49 -128 
155 101 4 
-123 -34 89 
-79 -30 143 
-40 -137 -75 
60 -135 -99 
100 -70 -23 
-96 -53 155 
65 -118 -139 
-87 -24 60 
-63 18 71 
134 20 101 
-85 21 -114 
113 89 157 
-137 -53 -14 
-142 90 -7 
-37 102 92 
76 111 -24 
156 -40 126 
108 -61 -42 
-114 43 -14 
153 -28 -68 
2 -139 18 
-95 -154 146 
101 150 13 
-147 153 -140 
-141 50 -154 
9 157 -121 
13 -79 -5 
134 160 -79 
-40 55 -137 
111 122 -124 
-14 -68 -49 
115 -77 57 
36 150 -105 
27 -119 138 
-142 92 -116 
-159 22 126 
125 78 -85 
100 -10 -140 
38 122 -87 
20 -1 64 
93 -99 108 
3 -96 60 
92 -121 60 
60 151 -87 
43 60 -14 
110 57 -154 
160 64 -40 
-82 -84 138 
160 56 18 
150 -69 108 
92 102 45 
-5 9 -124 
-47 12 -73 
55 94 -63 
-10 56 146 
9 -96 100 
43 -10 151 
76 -141 21 
-79 155 -47 
19 -123 -70 
15 -53 -44 
-104 -59 12 
48 -103 146 
138 -103 29 
12 150 126 
55 -97 20 
-34 -127 -118 
-7 12 36 
-116 -74 93 
-152 -159 65 
-25 -74 -132 
-129 101 89 
27 100 150 
90 89 -152 
-72 -17 115 
151 157 50 
-25 101 -14 
-148 21 27 
-34 -87 55 
2 65 -73 
57 110 156 
155 48 -81 
-124 64 64 
-1 90 149 
134 4 -114 
-104 125 -49 
117 -23 110 
-99 -75 89 
2 67 71 
15 20 -118 
101 -95 9 
-8 -88 144 
144 -33 125 
46 78 155 
94 -54 113 
92 -58 -127 
36 94 -114 
2 -127 101 
-80 13 2 
100 125 -69 
125 -105 27 
102 138 157 
20 145 -25 
78 153 110 
-152 -107 -52 
143 115 6 
-39 -10 15 
-140 -63 -73 
2 6 -158 
143 64 -42 
56 -25 -58 
-129 -127 89 
-104 -97 112 
-96 -59 -120 
131 -14 -116 
19 131 -59 
38 -148 -58 
146 76 -158 
65 -141 -74 
-137 108 -8 
117 76 46 
-114 156 4 
-84 94 -136 
-69 -147 12 
126 31 27 
-152 83 122 
-28 -40 -16 
-40 48 -135 
46 -74 -124 
38 -116 102 
-96 -7 -52 
100 -28 -23 
101 50 -82 
-152 38 64 
-135 -70 -109 
160 48 -154 
-106 3 56 
-87 -81 -11 
151 32 -84 
117 64 115 
50 125 -58 
115 6 125 
-63 76 -24 
-47 12 -84 
115 -58 19 
-97 -69 91 
-77 -77 50 
55 -124 19 
155 156 -114 
-109 21 78 
-59 -25 56 
9 15 -109 
89 60 60 
32 -77 122 
-142 134 -58 
144 -127 43 
51 -72 -119 
-44 71 -44 
102 112 -158 
-47 155 -116 
-11 -68 130 
-74 -159 -10 
-120 -40 -5 
6 138 -105 
43 122 -5 
-148 15 -75 
-123 -49 -128 
-68 90 -132 
-136 131 -79 
155 -103 -84 
27 38 111 
-49 -63 -123 
-85 -107 -28 
-152 66 -79 
-99 -61 -87 
51 -53 -7 
65 9 146 
-116 38 -120 
29 -58 145 
146 108 83 
101 -106 67 
12 -49 15 
67 146 -63 
-7 -107 108 
-37 -154 122 
-74 -124 98 
112 29 157 
151 -139 -132 
-141 155 -40 
-70 108 -59 
-129 -58 26 
29 67 51 
-16 -127 -33 
2 -123 102 
-61 -75 -72 
-61 155 91 
76 151 -61 
-16 151 93 
76 153 21 
-88 112 57 
-124 -142 83 
94 65 50 
-109 -129 157 
90 93 130 
-40 -152 -124 
-53 -123 -49 
-8 9 98 
-8 90 -34 
27 90 48 
3 -53 -123 
157 -73 -105 
83 -84 -128 
-129 20 -25 
112 20 35 
-17 -49 48 
-1 -68 -5 
60 -95 -14 
-154 134 -159 
157 -119 117 
110 51 89 
91 32 6 
125 115 -42 
-73 -119 6 
145 122 -69 
-73 160 91 
92 -42 22 
153 -33 94 
89 -52 101 
32 -142 -107 
13 -80 9 
-119 146 -47 
90 38 94 
-139 -53 113 
-124 71 -129 
-47 -85 -132 
-23 -11 -152 
-54 -84 13 
151 -135 92 
38 -79 -42 
31 102 -82 
-88 29 125 
-103 -8 117 
157 -107 12 
15 78 98 
38 -75 -97 
-127 -8 -81 
6 66 -152 
-141 -148 92 
-147 102 -140 
151 -88 94 
27 -132 31 
-34 60 13 
83 125 -85 
94 89 -97 
76 43 -137 
-118 131 150 
149 134 -75 
-132 -74 100 
-97 -133 101 
155 -70 -70 
-139 -142 3 
13 -136 -124 
146 3 -120 
-137 62 62 
67 9 67 
-52 -42 -30 
-37 -140 131 
-97 15 48 
151 -52 -97 
156 -86 -10 
48 35 -105 
3 12 122 
43 12 -44 
-107 46 -129 
100 78 -42 
27 -118 150 
55 -87 -123 
2 43 -33 
38 -42 3 
146 12 66 
-75 -1 92 
-82 98 83 
21 -7 122 
-133 -39 156 
-87 -136 143 
-75 -40 -54 
149 110 112 
-80 -7 -7 
92 36 -24 
-123 31 -116 
151 108 -114 
-133 -42 -123 
-128 92 64 
18 -17 -119 
143 50 65 
-123 98 12 
38 43 22 
-124 134 -135 
-119 122 -121 
-129 -121 -129 
117 153 -14 
46 117 138 
-54 -79 -81 
-8 57 -118 
-116 -141 115 
-104 -52 -40 
98 20 -97 
-96 62 -81 
-81 -106 -107 
145 -28 29 
12 134 122 
-96 -72 143 
9 22 -85 
-40 -24 -105 
56 -82 -152 
-25 134 134 
-129 134 93 
146 22 -127 
145 -140 138 
-148 -47 160 
-75 -28 -109 
-8 27 -82 
-136 57 -52 
-128 9 151 
-16 -81 -47 
93 78 157 
-70 -75 115 
-105 -118 -148 
-11 130 117 
31 157 -140 
-159 125 160 
-140 -114 -105 
9 -104 -75 
6 -97 15 
-129 38 -53 
45 -5 3 
-79 -11 27 
157 76 57 
-120 -47 -47 
-30 -14 -84 
-33 -81 55 
-82 31 45 
-105 -127 134 
-24 50 -127 
-104 29 117 
-107 83 -105 
101 93 151 
102 -25 21 
-88 134 134 
-8 -97 71 
-133 -88 94 
149 -74 -34 
-148 -44 91 
-148 -133 -33 
-142 -133 113 
110 21 -152 
57 3 153 
-82 -10 -25 
-70 115 91 
-25 115 122 
-84 -127 -16 
91 43 -116 
-104 -61 65 
-63 -97 -61 
-133 113 64 
-135 -152 -127 
-24 2 157 
-106 -1 -72 
60 71 46 
160 110 31 
-106 -69 -10 
108 -10 108 
-61 -120 -152 
110 -159 -109 
-152 -105 62 
-30 45 112 
108 -124 -42 
67 22 12 
45 -86 -103 
76 -86 151 
57 -128 29 
-120 76 155 
-103 -44 92 
76 60 126 
-23 55 -116 
125 -147 -61 
35 -58 78 
156 98 -86 
-1 -1 110 
20 76 3 
-34 3 46 
-121 -74 -73 
98 -141 43 
131 -116 -7 
-44 35 -40 
131 138 78 
156 18 -84 
-54 29 -80 
144 150 -120 
65 -24 62 
12 145 45 
-85 20 -124 
26 32 153 
-23 -59 -37 
-86 -24 -24 
-87 -14 146 
156 -23 -74 
113 55 -40 
-47 113 -120 
131 -119 -33 
145 26 -105 
83 56 -137 
-33 -11 150 
38 -127 22 
108 149 156 
-135 38 -154 
-63 -139 -73 
-33 9 -136 
-24 62 -128 
126 92 -24 
115 -142 -135 
-148 -128 -25 
60 -129 -17 
151 -39 -99 
-33 22 -40 
94 160 60 
22 -106 -7 
51 138 43 
145 -133 -103 
-14 -79 13 
46 157 46 
-119 153 45 
-128 13 -121 
78 -88 -81 
151 29 -72 
-42 76 -49 
31 -142 48 
-141 29 -79 
-139 -14 -87 
-159 122 46 
2 115 35 
94 60 13 
-127 62 66 
-129 -107 12 
-59 -75 145 
-44 112 111 
94 -69 -133 
-74 -95 50 
98 41 64 
-49 -154 -39 
21 22 48 
-114 45 13 
43 66 90 
-109 -81 -74 
18 78 -69 
-148 32 50 
-16 -54 -49 
6 -40 -96 
-11 145 -59 
115 -14 -49 
-85 -97 76 
-30 -129 -99 
45 31 -24 
-141 -28 55 
-42 143 -159 
157 -81 -97 
-84 15 -42 
102 -28 -96 
9 -135 -33 
35 -23 -30 
60 100 67 
-59 -128 -16 
46 -59 78 
-99 50 -133 
150 111 -127 
6 26 -139 
94 50 -140 
-88 64 -17 
-128 3 -40 
-129 12 -63 
-158 -16 -136 
-77 117 -52 
-7 65 111 
-96 -88 46 
13 -103 90 
-63 -142 -14 
32 22 -158 
145 108 -34 
-88 13 -16 
125 -72 65 
-72 -106 -72 
-49 -72 -88 
83 19 145 
156 -47 -141 
-40 -159 -77 
-88 -142 -129 
-159 78 48 
-72 -141 -104 
-139 -84 -77 
144 45 71 
89 -142 -103 
15 48 113 
-77 101 -69 
-132 13 -75 
146 -25 -7 
12 13 143 
-116 -154 100 
-52 -159 56 
151 -74 115 
2 -63 -139 
-11 -53 13 
29 -137 -107 
-87 65 3 
90 113 -85 
-79 -128 -80 
125 -69 -154 
64 -81 -82 
-73 110 101 
-37 -120 13 
-16 -37 -58 
-40 -106 101 
149 -49 -105 
110 -79 27 
108 -28 -87 
66 -132 -105 
-59 -8 94 
-79 -121 145 
3 -30 19 
-23 151 -16 
29 -158 60 
29 -61 67 
-136 -42 -81 
134 146 43 
-81 -88 -16 
-88 93 -141 
-28 35 110 
149 -34 21 
-104 -80 -54 
-37 -105 -68 
-47 46 55 
125 -16 -105 
-158 -17 117 
-72 -139 -128 
-154 -139 146 
-139 -40 -77 
-47 -49 -141 
144 -127 26 
56 -159 20 
-70 60 -74 
-84 160 -158 
157 155 71 
20 -85 -142 
71 -140 -42 
155 -74 -42 
-97 93 62 
115 -124 -14 
-88 155 67 
-49 65 93 
-116 -72 45 
-96 -119 -70 
2 115 41 
122 -63 90 
156 43 -148 
-95 143 13 
125 -80 125 
93 -1 -103 
156 9 -7 
-118 122 -148 
153 -11 -106 
-106 51 78 
-148 -52 76 
-147 -139 112 
-14 -128 -154 
-70 -79 -8 
-120 -58 -40 
27 6 4 
83 -53 -24 
4 89 125 
-44 -1 -103 
26 55 -95 
89 -86 -44 
-69 26 -148 
-148 -88 43 
90 -105 -73 
-40 -97 -87 
-74 -58 131 
-53 89 -103 
60 -58 26 
-73 78 -116 
-28 -106 115 
-99 -28 -8 
31 126 2 
-119 66 -137 
-39 93 36 
-86 66 57 
-133 151 -23 
-147 130 -120 
-63 9 108 
91 -47 113 
-96 92 62 
102 145 19 
-40 -37 -42 
-49 -140 64 
-14 83 -72 
78 3 -69 
144 12 -1 
45 -84 -95 
20 4 -147 
-119 -33 -54 
149 76 111 
57 -52 -39 
71 62 130 
89 -30 -75 
122 20 -95 
144 -85 9 
-154 -8 -103 
3 -59 -97 
151 -68 43 
113 100 -5 
157 125 27 
31 -79 153 
-86 98 -124 
-109 115 -5 
-14 -58 93 
-129 -148 -133 
153 160 -136 
143 153 66 
102 -121 115 
-128 101 122 
-61 -7 27 
-142 22 64 
89 -39 36 
134 4 160 
43 157 157 
-11 143 26 
-53 -147 -77 
-72 -72 144 
-80 111 -11 
38 94 89 
15 -34 -80 
-105 89 -16 
43 -139 20 
115 66 -59 
-86 -147 -129 
-69 60 115 
-123 -42 150 
-52 36 111 
-40 22 -129 
113 31 134 
-119 -33 98 
-129 41 -139 
83 41 21 
-25 21 -79 
-1 101 -95 
-58 -74 -23 
-52 -74 3 
18 -81 112 
-17 -147 -5 
-34 -53 65 
157 3 56 
143 -1 138 
-99 157 55 
145 65 -142 
-5 -119 27 
-121 125 151 
76 -128 78 
-25 -28 -120 
32 13 -106 
-28 55 9 
-106 115 4 
-28 -69 -7 
126 -82 -44 
-81 145 126 
31 57 -42 
29 29 43 
151 130 -87 
-17 110 144 
-140 -74 134 
67 -99 -14 
153 57 -133 
20 -7 -147 
-17 -119 -99 
-30 -105 -14 
92 -95 -75 
-97 -49 13 
-106 48 -11 
76 -103 -107 
93 9 -136 
-120 130 -37 
-72 29 -159 
-152 -58 -24 
-16 -11 -47 
155 6 -44 
57 -72 12 
160 -129 -28 
-7 6 126 
94 31 35 
-104 -119 -72 
102 108 -79 
12 102 -14 
143 -47 -129 
-58 -87 131 
-30 112 113 
-142 -52 29 
-70 -80 -37 
13 -142 -25 
15 -147 -129 
89 150 146 
122 145 110 
93 -140 56 
57 -82 144 
22 -75 2 
-54 -75 145 
-5 94 65 
-8 43 -159 
-105 9 -81 
-70 -40 108 
-8 102 -37 
122 21 71 
-123 -86 143 
-25 -133 -7 
-148 35 22 
130 6 -104 
15 -99 138 
-34 111 131 
-16 -121 2 
65 138 160 
-97 -7 46 
156 -1 94 
-97 50 -23 
31 -30 -120 
100 111 155 
-96 64 -88 
155 76 48 
-135 -116 -40 
113 -87 9 
20 -140 111 
108 -85 22 
2 -80 101 
138 -80 -106 
9 83 18 
115 -61 26 
113 60 143 
-28 -136 102 
2 -72 -135 
100 15 9 
156 130 56 
-7 -82 -25 
-30 117 134 
-152 -8 43 
83 2 102 
-118 -129 20 
-95 -119 -86 
-72 160 71 
-104 -53 134 
-154 -88 -141 
150 21 -152 
-68 -109 -8 
29 -47 -77 
-54 101 19 
-148 160 46 
-105 45 -42 
149 -8 66 
-11 60 4 
151 134 -107 
110 -1 138 
-61 -107 -88 
157 -118 150 
90 -75 149 
57 111 92 
-127 -140 -61 
-11 110 29 
-1 150 -85 
157 130 -85 
-148 150 -61 
66 91 110 
113 -23 45 
138 -33 2 
-133 -73 113 
-49 20 -136 
143 -121 -69 
-59 -124 41 
41 -68 -37 
60 -37 -28 
-68 -136 143 
38 67 35 
66 134 -137 
-158 -129 130 
108 117 -106 
-16 91 36 
160 -54 117 
-42 6 -88 
18 -49 71 
-106 -1 50 
43 -16 -79 
-69 -158 -49 
-17 138 -139 
98 -52 65 
71 -136 144 
83 45 112 
-11 78 -30 
31 57 145 
-87 157 -86 
78 51 -75 
-107 -141 78 
138 110 -49 
-140 -63 -106 
-63 26 -135 
-25 -30 -7 
-14 111 62 
153 -10 83 
-124 -133 -59 
-33 100 66 
-152 -95 45 
-52 46 -74 
-17 -70 -1 
146 126 91 
98 31 -121 
-69 -54 -158 
108 -121 112 
130 130 -79 
-73 32 -142 
62 66 -104 
102 -44 -30 
146 26 -25 
-53 134 -34 
-124 67 83 
36 155 12 
-44 18 -158 
-107 -159 112 
-86 -107 60 
-133 -132 46 
-85 71 126 
-121 -99 -61 
-37 78 -77 
-103 -33 -24 
-97 -24 -82 
-88 -118 -37 
6 108 9 
57 108 -135 
115 12 -1 
-128 143 -82 
122 -97 126 
-124 -80 -68 
48 -28 -63 
-68 153 -106 
83 32 -114 
112 -152 -77 
76 9 -80 
21 -114 -74 
-42 -129 83 
-79 -88 -109 
48 101 -17 
-14 66 12 
46 66 -124 
-141 108 32 
-49 92 153 
-109 66 66 
108 -23 45 
155 112 94 
22 6 -39 
-58 -106 60 
-136 -114 126 
-16 65 -86 
38 3 56 
20 -70 -147 
-68 22 -69 
-140 -5 90 
36 -59 45 
-72 -107 76 
-58 151 32 
-70 26 -80 
-74 -44 -132 
-5 48 -52 
65 156 -30 
71 -118 -77 
-88 -105 83 
-121 -119 102 
-52 6 62 
-77 -104 -87 
48 -42 -61 
21 27 92 
153 155 -159 
-97 62 110 
83 -123 -84 
36 65 -61 
-58 -72 156 
-52 -104 55 
-11 -42 -127 
131 -136 -137 
13 115 -107 
-73 78 150 
71 66 130 
-68 -42 -124 
29 4 -7 
32 115 -52 
-80 -16 62 
-107 20 -129 
2 -127 -152 
83 -132 -147 
4 138 -11 
-10 143 29 
-133 19 -52 
150 31 31 
-99 112 -73 
-58 -52 153 
78 19 92 
-120 55 3 
110 111 -7 
89 143 2 
83 -79 65 
113 -44 -23 
-59 -140 19 
-40 -154 160 
91 -52 -129 
-114 157 -82 
101 29 131 
-16 -40 -80 
-123 -105 -120 
-42 -73 -106 
35 -116 151 
-72 -140 -39 
27 46 -37 
9 -33 43 
38 45 91 
98 -58 -103 
92 -133 -109 
-97 -147 -159 
-68 -47 -137 
146 -40 108 
-5 -81 91 
-159 -148 143 
108 -123 -8 
-70 -133 45 
43 -14 -118 
-75 -88 94 
153 -127 -72 
100 -109 -42 
112 50 57 
-127 13 100 
100 -86 -39 
138 112 153 
98 -104 -17 
76 -118 90 
111 -14 -39 
13 -85 93 
67 160 -118 
21 -1 20 
151 -42 -154 
36 -63 -133 
-25 67 -158 
-77 -17 117 
83 145 -59 
43 9 43 
146 -87 50 
-28 43 -7 
93 -80 60 
149 -104 -30 
-123 90 -68 
41 -59 143 
98 -40 -49 
-42 89 -70 
-75 -105 89 
-82 98 22 
-34 115 12 
-16 150 -47 
-109 -10 -59 
-124 -70 -140 
13 -54 -116 
-11 93 -5 
66 -97 -86 
71 78 35 
-63 -8 -152 
-49 101 -158 
98 -23 144 
18 -24 -85 
-28 64 29 
-16 -54 60 
102 -68 -119 
-142 19 -77 
-75 -133 151 
-7 -96 -107 
93 102 111 
-85 90 -135 
156 149 66 
-109 -47 -7 
-52 110 144 
51 138 101 
-141 93 35 
26 130 -1 
-123 130 157 
150 36 -8 
62 130 32 
-68 -133 -70 
-105 -80 -44 
18 -53 -28 
-132 -118 -114 
-58 144 -99 
18 55 12 
57 -141 -25 
43 -33 -119 
31 29 149 
-68 -135 -142 
41 111 -39 
144 153 -74 
125 19 -96 
-75 -74 115 
-17 102 -75 
-59 -135 -53 
-121 67 -123 
155 160 -17 
-107 -10 -58 
64 -87 -5 
-11 -118 130 
-136 -84 -5 
-5 -136 57 
90 -154 35 
3 -82 57 
-14 -16 92 
-14 112 111 
160 -107 64 
-139 -140 -7 
46 62 13 
-11 -30 15 
-37 138 56 
35 -154 64 
94 4 -124 
-16 78 -58 
-23 -88 50 
64 31 160 
-86 -96 83 
35 35 98 
93 -148 -84 
-129 -142 -137 
157 -120 101 
144 -147 -7 
-8 -49 -133 
-132 41 -72 
-139 -135 150 
122 -25 115 
-74 -80 94 
102 -79 -142 
-85 -49 151 
-63 -14 -33 
-105 -49 29 
78 55 -1 
-17 -11 83 
131 -40 56 
-25 -61 -103 
-68 -5 89 
-118 -5 -53 
-119 48 -95 
-152 -53 -86 
101 20 100 
-132 -5 6 
108 -95 153 
50 -53 134 
153 149 48 
126 78 90 
-142 -123 -137 
-152 149 138 
-158 125 9 
-34 29 -109 
78 -81 -59 
-34 -42 -53 
-114 -121 27 
-69 144 -75 
-114 29 117 
157 -72 32 
92 -28 62 
-82 -63 -58 
-73 146 157 
-129 -7 150 
90 55 143 
71 -42 92 
90 151 9 
31 -105 110 
4 35 36 
66 -116 -140 
-106 -53 -53 
-147 -132 71 
-88 110 6 
146 41 -140 
48 90 160 
76 51 60 
31 2 157 
160 -47 76 
-106 98 -159 
-99 -59 -74 
-69 100 149 
101 -77 48 
-16 -148 78 
-121 -106 -120 
157 38 51 
21 134 64 
-84 -14 -139 
-63 160 -105 
31 12 110 
-129 -105 29 
-77 -136 -119 
-135 157 -152 
-25 138 115 
-121 102 -1 
-58 130 -61 
-34 -103 60 
-17 -84 160 
65 26 -59 
-58 4 -142 
-69 -139 -69 
-7 149 60 
94 126 -73 
-69 150 27 
13 -30 -154 
-39 -58 -14 
-86 126 -53 
-42 22 -82 
-116 151 -148 
98 113 134 
-133 -59 20 
93 89 -114 
-73 -132 -84 
-10 -114 98 
31 -7 91 
-53 -118 -159 
31 57 48 
-63 156 -14 
108 -14 38 
98 -139 -120 
-95 9 -17 
-24 130 -58 
-105 -25 76 
-123 102 -72 
22 -17 13 
101 -59 -54 
-58 111 101 
156 -74 -135 
89 56 115 
-16 21 122 
65 143 91 
-119 157 156 
150 -97 -24 
9 90 130 
-23 36 62 
-132 -84 -87 
-39 150 -137 
-86 9 -14 
19 -68 -10 
-81 -87 117 
-107 -59 93 
50 -1 131 
-17 -95 -40 
-39 -25 -16 
146 -73 -133 
21 43 157 
108 -14 -120 
66 98 6 
-107 101 -5 
13 115 151 
-88 -120 -120 
-75 155 145 
35 143 -139 
9 153 -119 
57 93 15 
130 -5 115 
-80 -37 -24 
-25 13 -37 
27 83 130 
-82 -1 26 
20 -73 48 
36 -109 51 
-116 -135 67 
-30 -74 22 
-74 -77 46 
48 111 9 
-69 -86 -136 
-53 41 -147 
-42 94 -47 
-148 -128 -104 
57 -123 -137 
71 64 19 
-61 -87 -73 
-24 110 -80 
-5 51 -85 
100 9 48 
64 57 -75 
89 22 65 
-97 60 157 
-80 71 -52 
-79 146 41 
48 83 55 
13 -116 -96 
117 31 -52 
-135 31 -80 
-96 45 -70 
-17 -105 51 
-99 -87 102 
-8 -37 -30 
-73 48 -114 
-68 153 144 
134 -141 -49 
-135 101 -58 
-116 64 51 
102 29 -28 
62 -73 15 
-61 89 -73 
-81 108 65 
131 22 -99 
3 -81 98 
-105 160 65 
-17 -140 31 
6 35 21 
43 110 -137 
138 -25 -77 
-121 -128 -139 
-141 138 156 
76 55 117 
90 112 149 
-129 -124 146 
35 145 56 
-11 -107 -42 
89 -142 89 
-119 21 3 
-103 -87 27 
45 -44 66 
6 -88 71 
144 -123 134 
71 -158 145 
56 -69 125 
-39 -37 -69 
35 -79 -72 
43 93 122 
64 -63 151 
-72 -58 27 
-142 -75 13 
66 -79 -54 
91 -128 -120 
51 15 -95 
-124 -158 -141 
-79 64 -88 
35 101 -44 
65 20 -47 
-121 -40 110 
78 100 64 
26 51 143 
62 -148 125 
-127 -142 -103 
-42 27 -49 
-120 -40 101 
102 126 -40 
-95 22 93 
157 64 -16 
51 117 -33 
20 6 100 
145 -79 71 
-148 -159 -39 
-84 93 -107 
151 -148 146 
62 -154 -109 
-23 102 -25 
-119 -120 -52 
-77 151 91 
-127 -80 9 
56 60 22 
-129 -103 36 
-135 -159 45 
-139 110 143 
117 -85 110 
-53 -23 89 
-116 32 19 
-72 71 2 
101 -79 -63 
-159 -25 -86 
36 62 100 
-80 -7 -58 
113 -40 13 
134 9 -132 
-114 156 -159 
117 90 4 
-53 43 -79 
115 27 -97 
51 -70 131 
-73 -99 131 
-34 -132 3 
76 153 125 
93 -114 -28 
-61 -135 -73 
27 108 -81 
41 -95 117 
-97 62 155 
-69 -34 -30 
67 131 -70 
20 27 160 
-109 -72 -152 
46 -42 22 
2 111 45 
-159 -103 138 
-104 102 6 
-85 -44 36 
-119 -75 13 
62 115 2 
-54 2 60 
-88 41 18 
35 143 112 
57 22 -133 
-39 -137 9 
2 76 67 
-70 -59 -96 
-16 155 -47 
-152 22 122 
-103 -127 115 
-63 -84 -154 
27 149 -107 
92 31 -17 
50 -140 149 
38 -8 -23 
144 4 -152 
-152 -28 130 
-103 143 31 
94 -17 6 
65 31 89 
125 -24 -139 
-123 -11 110 
-95 19 22 
134 131 -86 
-132 101 98 
-52 -7 143 
-74 -16 -158 
-24 43 -105 
-23 -7 66 
134 -139 22 
26 100 3 
-30 -53 -158 
78 -24 76 
-82 -75 22 
156 138 -109 
102 -116 9 
160 101 -86 
-72 57 134 
-135 66 -69 
-109 -72 67 
130 -142 -109 
43 -75 29 
12 89 -10 
151 -42 -136 
64 -81 -86 
-148 29 -44 
108 -114 46 
90 -147 -140 
18 94 -49 
-72 89 156 
-142 -81 35 
117 12 -69 
160 89 145 
108 83 -141 
-68 -132 -79 
51 -136 -119 
-10 -80 78 
157 151 -114 
-70 22 41 
-16 -136 90 
-1 -96 143 
-10 153 36 
92 -54 144 
-158 101 60 
-106 -11 -77 
-28 -128 56 
64 145 -105 
-86 -140 157 
-11 -87 -86 
-106 143 100 
125 111 -80 
130 145 -10 
76 26 -119 
-135 -87 -10 
-11 -84 46 
108 -5 -33 
6 -109 -106 
29 -49 76 
38 -135 -154 
-74 2 98 
101 6 -132 
66 134 -39 
111 131 -80 
122 -25 126 
78 -33 89 
-142 78 -152 
102 -103 -63 
60 117 -158 
157 36 155 
29 -140 67 
-28 -140 -95 
-1 -147 125 
-82 46 43 
130 93 -141 
-141 2 -44 
-133 -103 -84 
-124 -120 57 
122 -139 -16 
111 -84 -69 
153 -10 -17 
-17 -154 -84 
-47 93 -37 
-37 -121 9 
100 -40 -40 
18 41 -99 
-74 -95 -85 
-88 26 4 
117 78 19 
-95 -63 -97 
126 111 -136 
32 55 144 
-129 -72 -137 
-133 -37 15 
20 -72 -84 
-33 -139 -142 
-120 125 153 
131 -61 -42 
93 4 125 
93 71 -87 
153 -107 125 
-74 -142 -79 
12 -42 -52 
-148 -7 22 
-142 -47 9 
-141 36 111 
64 -75 27 
78 122 117 
-135 -85 -79 
-37 101 -158 
-116 -8 -141 
-40 -105 101 
-107 -73 -154 
3 -23 -133 
-139 55 -147 
145 -33 -72 
-103 55 -80 
-119 -114 92 
48 -14 -7 
-73 -95 126 
-124 -103 -24 
-148 -49 -39 
-104 -136 -80 
-70 -95 36 
48 -128 -133 
-40 101 -80 
27 -107 26 
71 131 130 
-24 156 157 
56 -75 57 
-109 66 -16 
-87 20 26 
50 126 -75 
67 -30 83 
113 -16 -87 
125 -24 155 
-132 -84 66 
-99 143 146 
38 101 117 
126 -99 -59 
-106 -24 -30 
55 -129 -47 
56 -107 -14 
-77 -8 -1 
76 -85 -61 
-42 26 -141 
-82 71 -129 
153 -135 -132 
20 134 -33 
76 76 71 
-34 -129 -97 
-47 -135 113 
130 -14 67 
150 -11 -47 
-114 160 -33 
-123 -72 -88 
