144
28
23
124
127
151
134
105
10
87
51
27
84
91
137
45
6
9
103
11
76
90
153
156
94
15
18
0
107
1
86
97
42
78
34
121
13
108
32
157
93
49
8
68
58
48
99
140
102
62
113
71
92
139
155
112
47
123
104
30
146
129
118
66
154
95
17
138
132
142
22
2
5
122
100
81
143
120
131
72
21
40
26
158
69
152
12
145
70
19
125
116
33
39
24
148
36
130
52
126
65
61
80
50
150
128
56
41
74
53
35
83
114
115
57
85
141
136
60
109
98
111
73
79
77
46
37
67
59
119
3
38
29
117
96
135
149
7
31
4
147
106
16
43
55
110
101
63
20
88
54
25
14
44
82
64
75
89
133
159
2.988999999999994
