20
0 1 0.499
0 2 0.606
0 3 0.694
0 4 0.358
0 5 0.201
0 6 0.149
0 7 0.190
0 8 0.579
0 9 0.510
0 10 0.661
0 11 0.827
0 12 0.335
0 13 0.939
0 14 0.635
0 15 0.613
0 16 0.153
0 17 0.192
0 18 0.659
0 19 0.751
1 2 0.642
1 3 0.338
1 4 0.043
1 5 0.880
1 6 0.727
1 7 0.167
1 8 0.146
1 9 0.149
1 10 0.941
1 11 0.962
1 12 0.782
1 13 0.124
1 14 0.795
1 15 0.278
1 16 0.522
1 17 0.614
1 18 0.066
1 19 0.365
2 3 0.139
2 4 0.840
2 5 0.195
2 6 0.796
2 7 0.932
2 8 0.053
2 9 0.814
2 10 0.486
2 11 0.160
2 12 0.579
2 13 0.865
2 14 0.728
2 15 0.381
2 16 0.524
2 17 0.675
2 18 0.114
2 19 0.031
3 4 0.818
3 5 0.826
3 6 0.192
3 7 0.204
3 8 0.061
3 9 0.655
3 10 0.488
3 11 0.226
3 12 0.683
3 13 0.722
3 14 0.101
3 15 0.262
3 16 0.258
3 17 0.671
3 18 0.416
3 19 0.918
4 5 0.410
4 6 0.474
4 7 0.602
4 8 0.505
4 9 0.661
4 10 0.171
4 11 0.479
4 12 0.407
4 13 0.730
4 14 0.872
4 15 0.015
4 16 0.772
4 17 0.242
4 18 0.959
4 19 0.192
5 6 0.577
5 7 0.569
5 8 0.163
5 9 0.232
5 10 0.962
5 11 0.493
5 12 0.383
5 13 0.198
5 14 0.621
5 15 0.736
5 16 0.961
5 17 0.804
5 18 0.945
5 19 0.930
6 7 0.350
6 8 0.864
6 9 0.557
6 10 0.498
6 11 0.035
6 12 0.186
6 13 0.866
6 14 0.035
6 15 0.848
6 16 0.861
6 17 0.271
6 18 0.212
6 19 0.801
7 8 0.866
7 9 0.682
7 10 0.928
7 11 0.921
7 12 0.580
7 13 0.100
7 14 0.419
7 15 0.581
7 16 0.348
7 17 0.104
7 18 0.297
7 19 0.288
8 9 0.488
8 10 0.214
8 11 0.057
8 12 0.935
8 13 0.209
8 14 0.288
8 15 0.379
8 16 0.043
8 17 0.757
8 18 0.281
8 19 0.718
9 10 0.658
9 11 0.710
9 12 0.929
9 13 0.018
9 14 0.135
9 15 0.786
9 16 0.199
9 17 0.085
9 18 0.227
9 19 0.679
10 11 0.613
10 12 0.097
10 13 0.561
10 14 0.437
10 15 0.870
10 16 0.979
10 17 0.791
10 18 0.634
10 19 0.584
11 12 0.863
11 13 0.476
11 14 0.108
11 15 0.284
11 16 0.675
11 17 1.000
11 18 0.384
11 19 0.279
12 13 0.954
12 14 0.641
12 15 0.967
12 16 0.422
12 17 0.381
12 18 0.258
12 19 0.561
13 14 0.275
13 15 0.129
13 16 0.921
13 17 0.969
13 18 0.715
13 19 0.061
14 15 0.199
14 16 0.816
14 17 0.519
14 18 0.028
14 19 0.769
15 16 0.485
15 17 0.082
15 18 0.992
15 19 0.465
16 17 0.660
16 18 0.983
16 19 0.453
17 18 0.871
17 19 0.640
18 19 0.787
