40
0 1 0.737
0 2 0.096
0 3 0.150
0 4 0.101
0 5 0.997
0 6 0.422
0 7 0.731
0 8 0.623
0 9 0.424
0 10 0.101
0 11 0.918
0 12 0.637
0 13 0.022
0 14 0.699
0 15 0.293
0 16 0.178
0 17 0.503
0 18 0.026
0 19 0.245
0 20 0.856
0 21 0.292
0 22 0.887
0 23 0.674
0 24 0.192
0 25 0.385
0 26 0.582
0 27 0.170
0 28 0.121
0 29 0.790
0 30 0.343
0 31 0.227
0 32 0.245
0 33 0.631
0 34 0.658
0 35 0.838
0 36 0.304
0 37 0.501
0 38 0.746
0 39 0.446
1 2 0.294
1 3 0.592
1 4 0.276
1 5 0.577
1 6 0.637
1 7 0.198
1 8 0.809
1 9 0.655
1 10 0.806
1 11 0.665
1 12 0.307
1 13 0.418
1 14 0.875
1 15 0.526
1 16 0.522
1 17 0.103
1 18 0.490
1 19 0.577
1 20 0.019
1 21 0.032
1 22 0.914
1 23 0.895
1 24 0.082
1 25 0.550
1 26 0.886
1 27 0.350
1 28 0.771
1 29 0.304
1 30 0.228
1 31 1.000
1 32 0.984
1 33 0.700
1 34 0.316
1 35 0.866
1 36 0.412
1 37 0.023
1 38 0.765
1 39 0.968
2 3 0.947
2 4 0.074
2 5 0.939
2 6 0.186
2 7 0.215
2 8 0.405
2 9 0.172
2 10 0.451
2 11 0.611
2 12 0.177
2 13 0.932
2 14 0.035
2 15 0.402
2 16 0.426
2 17 0.488
2 18 0.172
2 19 0.223
2 20 0.054
2 21 0.039
2 22 0.114
2 23 0.579
2 24 0.180
2 25 0.676
2 26 0.726
2 27 0.717
2 28 0.570
2 29 0.990
2 30 0.149
2 31 0.651
2 32 0.747
2 33 0.622
2 34 0.665
2 35 0.909
2 36 0.041
2 37 0.554
2 38 0.832
2 39 0.028
3 4 0.281
3 5 0.488
3 6 0.158
3 7 0.735
3 8 0.029
3 9 0.221
3 10 0.077
3 11 0.192
3 12 0.298
3 13 0.540
3 14 0.747
3 15 0.727
3 16 0.426
3 17 0.775
3 18 0.236
3 19 0.939
3 20 0.390
3 21 0.838
3 22 0.004
3 23 0.165
3 24 0.160
3 25 0.250
3 26 0.191
3 27 0.865
3 28 0.823
3 29 0.401
3 30 0.104
3 31 0.597
3 32 0.124
3 33 0.036
3 34 0.492
3 35 0.913
3 36 0.756
3 37 0.753
3 38 0.620
3 39 0.678
4 5 0.180
4 6 0.131
4 7 0.932
4 8 0.040
4 9 0.054
4 10 0.943
4 11 0.054
4 12 0.501
4 13 0.326
4 14 0.795
4 15 0.239
4 16 0.334
4 17 0.905
4 18 0.459
4 19 0.903
4 20 0.882
4 21 0.388
4 22 0.108
4 23 0.773
4 24 0.128
4 25 0.723
4 26 0.625
4 27 0.297
4 28 0.270
4 29 0.817
4 30 0.192
4 31 0.417
4 32 0.955
4 33 0.061
4 34 0.387
4 35 0.477
4 36 0.246
4 37 0.455
4 38 0.091
4 39 0.042
5 6 0.374
5 7 0.502
5 8 0.613
5 9 0.671
5 10 0.778
5 11 0.359
5 12 0.577
5 13 0.227
5 14 0.023
5 15 0.749
5 16 0.270
5 17 0.137
5 18 0.691
5 19 0.028
5 20 0.365
5 21 0.137
5 22 0.435
5 23 0.394
5 24 0.127
5 25 0.411
5 26 0.041
5 27 0.644
5 28 0.516
5 29 0.718
5 30 0.441
5 31 0.084
5 32 0.847
5 33 0.052
5 34 0.328
5 35 0.152
5 36 0.011
5 37 0.617
5 38 0.245
5 39 0.057
6 7 0.614
6 8 0.410
6 9 0.739
6 10 0.306
6 11 0.763
6 12 0.502
6 13 0.456
6 14 0.265
6 15 0.654
6 16 0.210
6 17 0.873
6 18 0.003
6 19 0.561
6 20 0.667
6 21 0.668
6 22 0.576
6 23 0.292
6 24 0.985
6 25 0.631
6 26 0.512
6 27 0.710
6 28 0.104
6 29 0.395
6 30 0.748
6 31 0.423
6 32 0.631
6 33 0.208
6 34 0.451
6 35 0.363
6 36 0.446
6 37 0.426
6 38 0.177
6 39 0.522
7 8 0.649
7 9 0.395
7 10 0.603
7 11 0.804
7 12 0.432
7 13 0.924
7 14 0.618
7 15 0.571
7 16 0.820
7 17 0.609
7 18 0.920
7 19 0.181
7 20 0.817
7 21 0.824
7 22 0.374
7 23 0.540
7 24 0.385
7 25 0.369
7 26 0.315
7 27 0.446
7 28 0.881
7 29 0.355
7 30 0.649
7 31 0.289
7 32 0.986
7 33 0.132
7 34 0.084
7 35 0.508
7 36 0.947
7 37 0.752
7 38 0.068
7 39 0.032
8 9 0.924
8 10 0.707
8 11 0.062
8 12 0.850
8 13 0.567
8 14 0.471
8 15 0.557
8 16 0.732
8 17 0.506
8 18 0.662
8 19 0.863
8 20 0.109
8 21 0.295
8 22 0.476
8 23 0.079
8 24 0.059
8 25 0.524
8 26 0.443
8 27 0.783
8 28 0.386
8 29 0.188
8 30 0.408
8 31 0.940
8 32 0.798
8 33 0.147
8 34 0.118
8 35 0.247
8 36 0.278
8 37 0.474
8 38 0.715
8 39 0.626
9 10 0.823
9 11 0.762
9 12 0.965
9 13 0.858
9 14 0.890
9 15 0.013
9 16 0.049
9 17 0.419
9 18 0.019
9 19 0.546
9 20 0.321
9 21 0.431
9 22 0.330
9 23 0.493
9 24 0.499
9 25 0.241
9 26 0.792
9 27 0.818
9 28 0.402
9 29 0.588
9 30 0.447
9 31 0.499
9 32 0.474
9 33 0.461
9 34 0.032
9 35 0.431
9 36 0.022
9 37 0.767
9 38 0.803
9 39 0.876
10 11 0.313
10 12 0.634
10 13 0.663
10 14 0.771
10 15 0.414
10 16 0.747
10 17 0.147
10 18 0.043
10 19 0.927
10 20 0.396
10 21 0.163
10 22 0.112
10 23 0.587
10 24 0.032
10 25 0.888
10 26 0.165
10 27 0.035
10 28 0.988
10 29 0.675
10 30 0.398
10 31 0.905
10 32 0.693
10 33 0.317
10 34 0.356
10 35 0.833
10 36 0.128
10 37 0.598
10 38 0.712
10 39 0.849
11 12 0.515
11 13 0.589
11 14 0.298
11 15 0.141
11 16 0.208
11 17 0.773
11 18 0.974
11 19 0.130
11 20 0.551
11 21 0.718
11 22 0.970
11 23 0.344
11 24 0.035
11 25 0.660
11 26 0.663
11 27 0.612
11 28 0.418
11 29 0.088
11 30 0.364
11 31 0.716
11 32 0.598
11 33 0.117
11 34 0.578
11 35 0.726
11 36 0.958
11 37 0.224
11 38 0.371
11 39 0.915
12 13 0.563
12 14 0.677
12 15 0.947
12 16 0.321
12 17 0.074
12 18 0.851
12 19 0.241
12 20 0.735
12 21 0.493
12 22 0.437
12 23 0.399
12 24 0.144
12 25 0.880
12 26 0.465
12 27 0.265
12 28 0.424
12 29 0.004
12 30 0.950
12 31 0.597
12 32 0.388
12 33 0.480
12 34 0.947
12 35 0.613
12 36 0.134
12 37 0.322
12 38 0.740
12 39 0.558
13 14 0.998
13 15 0.991
13 16 0.950
13 17 0.466
13 18 0.323
13 19 0.978
13 20 0.322
13 21 0.951
13 22 0.684
13 23 0.651
13 24 0.089
13 25 0.863
13 26 0.170
13 27 0.613
13 28 0.861
13 29 0.913
13 30 0.820
13 31 0.116
13 32 0.157
13 33 0.922
13 34 0.325
13 35 0.095
13 36 0.837
13 37 0.153
13 38 0.684
13 39 0.283
14 15 0.903
14 16 0.345
14 17 0.558
14 18 0.451
14 19 0.362
14 20 0.393
14 21 0.722
14 22 0.250
14 23 0.099
14 24 0.363
14 25 0.123
14 26 0.313
14 27 0.006
14 28 0.422
14 29 0.777
14 30 0.243
14 31 0.917
14 32 0.538
14 33 0.903
14 34 0.861
14 35 0.282
14 36 0.311
14 37 0.479
14 38 0.632
14 39 0.862
15 16 0.079
15 17 0.651
15 18 0.487
15 19 0.161
15 20 0.557
15 21 0.235
15 22 0.360
15 23 0.769
15 24 0.578
15 25 0.906
15 26 0.644
15 27 0.232
15 28 0.202
15 29 0.511
15 30 0.396
15 31 0.613
15 32 0.332
15 33 0.373
15 34 0.612
15 35 0.417
15 36 0.213
15 37 0.343
15 38 0.052
15 39 0.144
16 17 0.663
16 18 0.866
16 19 0.149
16 20 0.335
16 21 0.650
16 22 0.279
16 23 0.277
16 24 0.588
16 25 0.886
16 26 0.109
16 27 0.252
16 28 0.722
16 29 0.419
16 30 0.183
16 31 0.251
16 32 0.932
16 33 0.847
16 34 0.962
16 35 0.492
16 36 0.518
16 37 0.630
16 38 0.595
16 39 0.896
17 18 0.540
17 19 0.181
17 20 0.902
17 21 0.664
17 22 0.511
17 23 0.858
17 24 0.592
17 25 0.153
17 26 0.103
17 27 0.707
17 28 0.815
17 29 0.706
17 30 0.654
17 31 0.842
17 32 0.337
17 33 0.101
17 34 0.175
17 35 0.621
17 36 0.413
17 37 0.115
17 38 0.454
17 39 0.392
18 19 0.762
18 20 0.290
18 21 0.812
18 22 0.388
18 23 0.849
18 24 0.345
18 25 0.040
18 26 0.561
18 27 0.073
18 28 0.877
18 29 0.048
18 30 0.502
18 31 0.351
18 32 0.885
18 33 0.805
18 34 0.348
18 35 0.017
18 36 0.404
18 37 0.226
18 38 0.527
18 39 0.921
19 20 0.019
19 21 0.740
19 22 0.482
19 23 0.105
19 24 0.329
19 25 0.438
19 26 0.061
19 27 0.445
19 28 0.465
19 29 0.846
19 30 0.059
19 31 0.237
19 32 0.651
19 33 0.566
19 34 0.561
19 35 0.749
19 36 0.379
19 37 0.256
19 38 0.077
19 39 0.409
20 21 0.223
20 22 0.694
20 23 0.161
20 24 0.445
20 25 0.448
20 26 0.929
20 27 0.152
20 28 0.454
20 29 0.613
20 30 0.880
20 31 0.912
20 32 0.616
20 33 0.036
20 34 0.066
20 35 0.945
20 36 0.999
20 37 0.596
20 38 0.554
20 39 0.098
21 22 0.661
21 23 0.609
21 24 0.616
21 25 0.094
21 26 0.095
21 27 0.632
21 28 0.037
21 29 0.541
21 30 0.868
21 31 0.922
21 32 0.496
21 33 0.676
21 34 0.188
21 35 0.934
21 36 0.939
21 37 0.043
21 38 0.533
21 39 0.673
22 23 0.419
22 24 0.493
22 25 0.398
22 26 0.955
22 27 0.440
22 28 0.397
22 29 0.687
22 30 0.604
22 31 0.443
22 32 0.714
22 33 0.272
22 34 0.417
22 35 0.711
22 36 0.608
22 37 0.746
22 38 0.284
22 39 0.633
23 24 0.652
23 25 0.480
23 26 0.201
23 27 0.965
23 28 0.237
23 29 0.660
23 30 0.021
23 31 0.450
23 32 0.725
23 33 0.115
23 34 0.725
23 35 0.916
23 36 0.044
23 37 0.367
23 38 0.654
23 39 0.769
24 25 0.874
24 26 0.567
24 27 0.636
24 28 0.622
24 29 0.318
24 30 0.623
24 31 0.175
24 32 0.624
24 33 0.971
24 34 0.144
24 35 0.919
24 36 0.991
24 37 0.569
24 38 0.527
24 39 0.415
25 26 0.089
25 27 0.024
25 28 0.885
25 29 0.778
25 30 0.436
25 31 0.484
25 32 0.297
25 33 0.264
25 34 0.903
25 35 0.182
25 36 0.263
25 37 0.880
25 38 0.446
25 39 0.317
26 27 0.133
26 28 0.149
26 29 0.729
26 30 0.848
26 31 0.712
26 32 0.805
26 33 0.059
26 34 0.114
26 35 0.207
26 36 0.745
26 37 0.170
26 38 0.436
26 39 0.170
27 28 0.819
27 29 0.519
27 30 0.429
27 31 0.121
27 32 0.125
27 33 0.926
27 34 0.536
27 35 0.088
27 36 0.286
27 37 0.590
27 38 0.465
27 39 0.385
28 29 0.853
28 30 0.717
28 31 0.548
28 32 0.582
28 33 0.353
28 34 0.303
28 35 0.761
28 36 0.736
28 37 0.710
28 38 0.847
28 39 0.050
29 30 0.685
29 31 0.725
29 32 0.133
29 33 0.882
29 34 0.362
29 35 0.050
29 36 0.555
29 37 0.450
29 38 0.876
29 39 0.647
30 31 0.850
30 32 0.727
30 33 0.353
30 34 0.991
30 35 0.504
30 36 0.696
30 37 0.341
30 38 0.429
30 39 0.569
31 32 0.396
31 33 0.938
31 34 0.924
31 35 0.070
31 36 0.087
31 37 0.640
31 38 0.121
31 39 0.735
32 33 0.768
32 34 0.331
32 35 0.068
32 36 0.277
32 37 0.462
32 38 0.748
32 39 0.181
33 34 0.052
33 35 0.190
33 36 0.246
33 37 0.020
33 38 0.531
33 39 0.312
34 35 0.628
34 36 0.228
34 37 0.613
34 38 0.954
34 39 0.403
35 36 0.556
35 37 0.527
35 38 0.594
35 39 0.808
36 37 0.241
36 38 0.729
36 39 0.457
37 38 0.593
37 39 0.121
38 39 0.941
